0.0
0.0
0.0
207.84684034123535
213.78895878684025
212.84911643764957
217.9317777751839
197.83628794152796
213.55461509354114
188.91652158750787
200.38340682935853
185.35627954140193
214.35908136212805
188.12653722826738
197.56466170384192
185.74763661600946
213.64747346828094
188.1082668539966
197.3266474645304
185.9587981239435
213.1971193746977
188.1930646119415
199.75129566758017
185.8081636273476
219.2985600095804
188.11652069240674
200.15369476248475
185.8730466524426
218.57238782123295
188.15640145667624
199.2352374485669
185.76156337981098
214.34222505411293
188.14909276523827
199.45219617373826
185.6301273792209
217.48082566104478
188.12336696120468
199.15600263816938
185.78910226709408
215.3234712498678
187.99785895347628
199.00330395118752
