0.0
0.0
136.68045895780895
136.68045895780895
136.68045895780895
136.68045895780895
131.9491885847501
131.9491885847501
131.9491885847501
131.9491885847501
152.21332330089797
152.21332330089797
152.21332330089797
152.21332330089797
146.63752836946824
146.63752836946824
146.63752836946824
146.63752836946824
141.36594620359315
141.36594620359315
141.36594620359315
141.36594620359315
137.8518937623223
137.8518937623223
137.8518937623223
137.8518937623223
138.9623284015067
138.9623284015067
138.9623284015067
138.9623284015067
142.44094349557037
142.44094349557037
142.44094349557037
142.44094349557037
151.94566424474678
151.94566424474678
151.94566424474678
151.94566424474678
155.23834542160148
155.23834542160148
155.23834542160148
155.23834542160148
152.07684664408237
152.07684664408237
152.07684664408237
152.07684664408237
149.44128811185794
149.44128811185794
149.44128811185794
149.44128811185794
148.1473827711858
148.1473827711858
148.1473827711858
148.1473827711858
146.43855793377705
146.43855793377705
146.43855793377705
146.43855793377705
146.14790340529225
146.14790340529225
146.14790340529225
146.14790340529225
148.61599856273665
148.61599856273665
148.61599856273665
148.61599856273665
147.79395993767397
147.79395993767397
147.79395993767397
147.79395993767397
149.1681246840038
149.1681246840038
149.1681246840038
149.1681246840038
147.6568626595005
147.6568626595005
147.6568626595005
147.6568626595005
146.52872515189165
146.52872515189165
146.52872515189165
146.52872515189165
145.42227771537924
145.42227771537924
145.42227771537924
145.42227771537924
144.41646557937736
144.41646557937736
144.41646557937736
144.41646557937736
146.2981043840509
146.2981043840509
146.2981043840509
146.2981043840509
147.70505541404586
147.70505541404586
147.70505541404586
147.70505541404586
146.79483979485912
146.79483979485912
146.79483979485912
146.79483979485912
145.79440270223202
145.79440270223202
145.79440270223202
145.79440270223202
145.18117723624005
145.18117723624005
145.18117723624005
145.18117723624005
148.4282368999691
148.4282368999691
148.4282368999691
148.4282368999691
149.8072133543432
149.8072133543432
149.8072133543432
149.8072133543432
149.12084658851123
149.12084658851123
149.12084658851123
149.12084658851123
148.47806089936353
148.4780608993636
148.47806089936353
148.47806089936353
147.66630351956687
147.66630351956687
147.66630351956687
147.66630351956687
146.9492875279847
146.9492875279847
146.9492875279847
146.9492875279847
146.34447777351494
146.34447777351494
146.34447777351494
146.34447777351494
148.78754394026592
148.78754394026592
148.78754394026592
148.78754394026592
148.10993336258355
148.10993336258355
148.10993336258355
148.10993336258355
147.46828039112543
147.46828039112543
147.46828039112543
147.46828039112543
149.70972304867016
149.70972304867016
149.70972304867016
149.70972304867016
148.98072272114555
148.98072272114555
148.98072272114555
148.98072272114555
148.43036918485058
148.43036918485058
148.43036918485058
148.43036918485058
149.43038172876356
149.43038172876356
149.43038172876356
149.43038172876356
149.60335043530137
149.60335043530137
149.60335043530137
149.60335043530137
150.1850295284773
150.1850295284773
150.1850295284773
150.1850295284773
150.09073743580123
150.09073743580123
150.09073743580123
150.09073743580123
149.41052905615163
149.41052905615163
149.41052905615163
149.41052905615163
149.5585347763517
149.5585347763517
149.5585347763517
149.5585347763517
149.07114796017888
149.07114796017888
149.07114796017888
149.07114796017888
148.60392739352918
148.60392739352918
148.60392739352918
148.60392739352918
148.17507670823298
148.17507670823298
148.17507670823298
148.17507670823298
149.94524330811777
149.94524330811777
149.94524330811777
149.94524330811777
150.65362883474253
150.65362883474253
150.65362883474253
150.65362883474253
150.21969459731827
150.21969459731827
150.21969459731827
150.21969459731827
151.05772962853777
151.05772962853777
151.05772962853777
151.05772962853777
151.25118397348317
151.25118397348317
151.25118397348317
151.25118397348317
150.73143406181947
150.73143406181947
150.73143406181947
150.73143406181947
151.865634375221
151.865634375221
151.865634375221
151.865634375221
152.13457576333627
152.13457576333627
152.13457576333627
152.13457576333627
152.03461725225213
152.03461725225213
152.03461725225213
152.03461725225213
153.0533956633509
153.0533956633509
153.0533956633509
153.0533956633509
153.6590245503206
153.6590245503206
153.6590245503206
153.6590245503206
153.2009534719091
153.2009534719091
153.2009534719091
153.2009534719091
152.7574059606049
152.7574059606049
152.7574059606049
152.7574059606049
153.18516975648404
153.18516975648404
153.18516975648404
153.18516975648404
152.79601961240067
152.79601961240067
152.79601961240067
152.79601961240067
153.51054645762926
153.51054645762926
153.51054645762926
153.51054645762926
153.76032708109656
153.76032708109656
153.76032708109656
153.76032708109656
153.5851493207268
153.5851493207268
153.5851493207268
153.5851493207268
153.20795883647364
153.20795883647364
153.20795883647364
153.20795883647364
152.7471833634385
152.7471833634385
152.7471833634385
152.7471833634385
152.97373112993992
152.97373112993992
152.97373112993992
152.97373112993992
153.55506885793403
153.55506885793403
153.55506885793403
153.55506885793403
154.2908347781895
154.2908347781895
154.2908347781895
154.2908347781895
153.851144075491
153.85114407549105
153.851144075491
153.851144075491
153.58863937356125
153.58863937356125
153.58863937356125
153.58863937356125
153.14789052273528
153.14789052273528
153.14789052273528
153.14789052273528
153.7934289759546
153.7934289759546
153.7934289759546
153.7934289759546
153.36150638007746
153.36150638007746
153.36150638007746
153.36150638007746
152.9402640282374
152.94026402823755
152.9402640282374
152.9402640282374
152.52968662178674
152.52968662178674
152.52968662178674
152.52968662178674
152.12911045082976
152.12911045082976
152.12911045082976
152.12911045082976
151.7384254751122
151.7384254751122
151.7384254751122
151.7384254751122
151.36949927084802
151.36949927084802
151.36949927084802
151.36949927084802
150.980233654115
150.980233654115
150.980233654115
150.980233654115
151.84699177485876
151.84699177485876
151.84699177485876
151.84699177485876
151.9703884155279
151.9703884155279
151.9703884155279
151.9703884155279
151.68534066288072
151.68534066288072
151.68534066288072
151.68534066288072
152.21837064440518
152.21837064440518
152.21837064440518
152.21837064440518
151.93170234688785
151.93170234688785
151.93170234688785
151.93170234688785
151.6795151321724
151.6795151321724
151.6795151321724
151.6795151321724
151.40501865745065
151.40501865745065
151.40501865745065
151.40501865745077
151.13644006297824
151.13644006297824
151.13644006297824
151.13644006297824
151.74640612306948
151.74640612306948
151.74640612306948
151.74640612306948
151.47988278627605
151.47988278627605
151.47988278627605
151.47988278627605
151.15366962837822
151.15366962837822
151.15366962837822
151.15366962837822
151.33034538581
151.33034538581
151.33034538581
151.33034538581
151.07438916856378
151.07438916856378
151.07438916856378
151.07438916856378
151.22539992884847
151.22539992884896
151.22539992884847
151.22539992884847
151.40963427869576
151.40963427869576
151.40963427869576
151.40963427869576
151.66437196248643
151.66437196248643
151.66437196248643
151.66437196248643
151.5441098917358
151.5441098917358
151.5441098917358
148.43080978489473
145.51277019558228
142.71864560259885
0.0
0.0
142.25003121580892
142.25003121580892
142.25003121580892
142.25003121580892
175.40498788460565
175.40498788460565
175.40498788460565
175.40498788460565
173.11949402263386
173.11949402263386
173.11949402263386
173.11949402263386
176.60106619421555
176.60106619421555
176.60106619421555
176.60106619421555
187.86905753230408
187.86905753230408
187.86905753230408
187.86905753230408
176.50349690120845
176.50349690120845
176.50349690120845
176.50349690120845
177.76661795406386
0.0
126.38345936522659
115.9714060807631
117.91163858324973
0.0
0.0
154.31734533375786
154.31734533375786
154.31734533375786
154.31734533375786
142.17018220900752
142.17018220900752
142.17018220900752
142.17018220900752
171.14029522425008
171.14029522425008
171.14029522425008
171.14029522425008
159.2624151320974
159.2624151320974
159.2624151320974
159.2624151320974
174.00591156247987
174.00591156248638
174.00591156247987
174.00591156247987
165.6068124605921
165.6068124605921
165.6068124605921
165.6068124605921
166.55135171942237
166.55135171942237
166.55135171942237
166.55135171942237
161.1793808010511
161.1793808010511
161.1793808010511
161.1793808010511
157.0008437517267
157.0008437517267
157.0008437517267
157.0008437517267
159.51176112416925
159.51176112416925
159.51176112416925
139.05642883468468
123.71733660089707
111.86426483054787
0.0
0.0
150.65932516794393
150.65932516794393
150.65932516794393
150.65932516794393
136.35084187909038
136.35084187909038
136.35084187909038
136.35084187909038
131.58105513884985
131.58105513884985
131.58105513884985
131.58105513884985
154.65158563779906
154.65158563779906
154.65158563779906
154.65158563779906
147.94549764078684
147.94549764078684
147.94549764078684
147.94549764078684
147.60806129245123
147.60806129245123
147.60806129245123
147.60806129245123
143.8195194137947
143.8195194137947
143.8195194137947
143.8195194137947
140.97807481116553
140.97807481116553
140.97807481116553
140.97807481116553
143.62405568431058
143.62405568431058
143.62405568431058
143.62405568431058
141.66493626375805
141.66493626375805
141.66493626375805
141.66493626375805
140.37063973080743
140.37063973080743
140.37063973080743
140.37063973080743
139.65027457375996
139.65027457375996
139.65027457375996
139.65027457375996
146.32372594857605
146.32372594857605
146.32372594857605
146.32372594857605
145.7592901182806
145.7592901182806
145.7592901182806
145.7592901182806
145.41647943487152
145.41647943487152
145.41647943487152
145.41647943487152
144.2144967570118
144.2144967570118
144.2144967570118
144.2144967570118
148.04332264520818
148.04332264520818
148.04332264520818
148.04332264520818
146.4689112203445
146.4689112203445
146.4689112203445
146.4689112203445
148.08135953410292
148.08135953410292
148.08135953410292
148.08135953410292
146.66103894200324
146.66103894200324
146.66103894200324
146.66103894200324
145.57606696206383
145.57606696206383
145.57606696206383
145.57606696206383
148.54287285512802
148.54287285512802
148.54287285512802
148.54287285512802
150.0468606026056
150.0468606026056
150.0468606026056
150.0468606026056
151.4845143458201
151.4845143458201
151.4845143458201
151.4845143458201
153.73051274407473
153.73051274407473
153.73051274407473
153.73051274407473
156.20412850548558
156.20412850548558
156.20412850548558
156.20412850548558
158.18730569652075
158.18730569652075
158.18730569652075
158.18730569652075
157.03063758572708
157.03063758572708
157.03063758572708
157.03063758572708
155.9010280551548
155.9010280551548
155.9010280551548
155.9010280551548
157.0507470551674
157.0507470551674
157.0507470551674
157.0507470551674
155.86055644220406
155.86055644220406
155.86055644220406
155.86055644220406
155.1045325486173
155.1045325486173
155.1045325486173
155.1045325486173
154.90593915716053
154.90593915716053
154.90593915716053
154.90593915716053
153.8772881374141
153.8772881374141
153.8772881374141
153.8772881374141
152.90709823673737
152.90709823673737
152.90709823673737
152.90709823673737
154.0263134945827
154.0263134945827
154.0263134945827
154.0263134945827
153.90230504464077
153.90230504464077
153.90230504464077
153.90230504464077
156.01797518041946
156.01797518041946
156.01797518041946
156.01797518041946
157.0161566320769
157.0161566320769
157.0161566320769
157.0161566320769
156.2964145462162
156.2964145462162
156.2964145462162
156.2964145462162
156.86348953587617
156.86348953587617
156.86348953587617
156.86348953587617
156.18145374893206
156.18145374893206
156.18145374893206
156.18145374893206
155.53044509166696
155.53044509166696
155.53044509166696
155.53044509166696
154.90848449430248
154.90848449430248
154.90848449430248
154.90848449430248
156.51335431205263
156.51335431205263
156.51335431205263
156.51335431205263
155.85421082867907
155.85421082867907
155.85421082867907
155.85421082867907
155.60337544785057
155.60337544785057
155.60337544785057
155.60337544785057
154.96737614267957
154.96737614267957
154.96737614267957
154.96737614267957
155.12445419386418
155.12445419386418
155.12445419386418
155.12445419386418
154.51541215312383
154.51541215312383
154.51541215312383
154.51541215312383
153.93021549362308
153.93021549362308
153.93021549362308
153.93021549362308
153.2895438821299
153.2895438821299
153.2895438821299
153.2895438821299
153.42810058091837
153.42810058091837
153.42810058091837
153.42810058091837
152.8647776197139
152.8647776197139
152.8647776197139
152.8647776197139
153.52604578270012
153.52604578270012
153.52604578270012
153.52604578270012
154.93411454737375
154.93411454737375
154.93411454737375
154.9341148731829
154.92786206356217
154.92786206356217
154.92786206356217
154.95885731739014
154.37709785562433
154.37709785562433
154.37709785562433
154.37709785562433
154.79160326293334
154.79160326293334
154.79160326293334
154.79160326298245
154.26149653238411
154.26149653238411
154.26149653238411
154.26149653238414
154.53439747113038
154.53439747113038
154.53439747113038
154.53439747236683
155.36387552180548
155.36387552180548
155.36387552180548
155.36387552180548
154.84995676977516
154.84995676977516
154.84995676977516
154.84995676977516
154.35201976854304
154.35201976854304
154.35201976854304
154.35201996160774
154.3060694876999
154.3060694876999
154.3060694876999
154.42073217738394
153.88543798879593
153.88543798879593
153.88543798879593
153.88543798879593
153.44405583430407
153.44405583430407
153.44405583430407
153.44405583430407
153.01561509895708
153.01561509895708
153.01561509895708
153.01561509895708
153.154464607911
153.154464607911
153.154464607911
153.15446460792225
152.74232682414458
152.74232682414458
152.74232682414458
152.84721865103722
152.34176203000155
152.34176203000155
152.34176203000155
152.34176203000175
153.42809458122622
153.42809458125822
153.42809458122622
153.42809458151703
153.00756054900754
153.00756054900754
153.00756054900754
153.00756054900754
153.31699249652638
153.3169924965264
153.31699249652638
153.31699249652638
152.90179690797547
152.90179690797547
152.90179690797547
152.90179690797547
153.81878444694712
153.81878444694712
153.81878444694712
153.81878444694712
153.91117901867727
153.91117901867727
153.91117901867727
153.91117901867727
153.48368650489635
153.48368650489635
153.48368650489635
153.48368650489635
153.64452823975475
153.64452823975475
153.64452823975475
153.6445810691471
153.72286018211432
153.72286018211432
153.72286018211432
153.72286018219248
153.32321491211914
153.32321491211914
153.32321491211914
153.32321491229501
152.93329962381443
152.93329962381443
152.93329962381443
152.93329962474922
152.88535820296394
152.88535820296394
152.88535820296394
152.88535820296394
152.56670457773043
152.56670457773043
152.56670457773043
152.56670457773043
153.0503266015508
153.0503266015508
153.0503266015508
153.05064583284616
152.73694116666752
152.73694116666846
152.73694116666752
152.73694116666752
152.46262023774466
152.46262023774466
152.46262023774466
152.46262023774466
152.90391857244137
152.90391857244137
152.90391857244137
152.90391857244137
152.52491040674337
152.52491040674337
152.52491040674337
152.52491040674337
152.187214108881
152.187214108881
152.187214108881
152.18721410888185
151.91708633720788
151.91708633720788
151.91708633720788
151.91708633720788
151.65260636263062
151.65260872281658
151.65260636263062
151.65260636263062
151.3378645787159
151.3378645787159
151.3378645787159
151.3378645787159
151.02978422167618
151.02978422167618
151.02978422167618
151.02978422167646
151.38196505154096
151.38197327840942
151.38196505154096
151.38196505154096
151.3358123390643
151.3358123390643
151.3358123390643
151.5010888819341
151.89239516299995
151.89239516299995
151.89239516299995
152.23756982850924
151.58990903901528
151.58990903901528
151.58990903901528
151.58990903901528
151.2934883668357
151.2934883668357
151.2934883668357
151.3018970422249
151.01588414473375
151.01588414473375
151.01588414473375
147.97763301658364
145.05669332227768
142.26603899216929
0.0
0.0
127.84330907403067
127.84330907403067
127.84330907403067
127.84330907403067
146.28136739119944
146.28136739119944
146.28136739119944
146.28136739119944
139.9372429955772
139.9372429955772
139.9372429955772
139.9372429955772
152.1633833341741
152.1633833341741
152.1633833341741
152.1633833341741
151.10022060046225
151.10022060046225
151.10022060046225
151.10022060046225
148.75690025222093
148.75690025222093
148.75690025222093
148.75690025222093
144.76753613522123
144.76753613522123
144.76753613522123
144.76753613522123
141.7122786492548
141.7122786492548
141.7122786492548
141.7122786492548
139.3360578441206
139.3360578441206
139.3360578441206
139.3360578441206
137.43508120265628
137.43508120265628
137.43508120265628
119.30159907596489
106.24196268889295
95.54599342118902
0.0
0.0
130.04252907348933
130.04252907348933
130.04252907348933
130.04252907348933
125.49165966729743
125.49165966729743
125.49165966729743
125.49165966729743
140.32136071119098
140.32136071119098
140.32136071119098
140.32136071119098
135.47647692832786
135.47647692832786
135.47647692832786
135.47647692832786
149.64128002528088
149.64128002528088
149.64128002528088
149.64128002528088
144.85840204642835
144.85840204642835
144.85840204642835
144.85840204642835
141.4415645947443
141.4415645947443
141.4415645947443
141.4415645947443
144.16692623506083
144.16692623506083
144.16692623506083
144.16692623506083
141.8373947883639
141.8373947883639
141.8373947883639
141.8373947883639
140.9021904107155
140.9021904107155
140.9021904107155
136.34019000595845
128.98806136396772
126.02160688700951
0.0
0.0
151.644596907879
151.644596907879
151.644596907879
151.644596907879
174.3443392471125
174.3443392471125
174.3443392471125
174.3443392471125
181.32590222790637
181.32590222790637
181.32590222790637
181.32590222790637
171.81477924352473
171.81477924352473
171.81477924352473
171.81477924352473
162.38660449982723
162.38660449982723
162.38660449982723
162.38660449982723
155.72360926213878
155.72360926213878
155.72360926213878
155.72360926213878
153.08060685233616
153.08060685233616
153.08060685233616
153.08060685233616
159.96442181310417
159.96442181310417
159.96442181310417
159.96442181310417
161.2274813599221
161.2274813599221
161.2274813599221
161.2274813599221
160.336964158978
160.336964158978
160.336964158978
160.336964158978
160.336964158978
160.336964158978
0.0
0.0
130.02528786337857
130.02528786337857
130.02528786337857
102.2322488530081
87.03051654592234
83.81496950027557
0.0
0.0
0.0
150.04029887033118
150.04029887033118
150.04029887033118
150.04029887033118
135.52027281300937
135.52027281300937
135.52027281300937
135.52027281300937
130.6801291649006
130.6801291649006
130.6801291649006
130.6801291649006
130.3136601604805
130.3136601604805
130.3136601604805
130.3136601604805
141.55549099209435
141.55549099209435
141.55549099209435
141.55549099209435
139.49423204227045
139.49423204227045
139.49423204227045
139.49423204227045
138.02133569906826
138.02133569906826
138.02133569906826
138.02133569906826
136.91666343953955
136.91666343953955
136.91666343953955
136.91666343953955
139.9105351762983
139.9105351762983
139.9105351762983
139.9105351762983
143.06403498501453
143.06403498501453
0.0
0.0
225.4030646621558
225.4030646621558
0.0
0.0
223.44005075480453
223.44005075480453
223.44005075480453
223.44005075480453
176.7373791762513
176.7373791762513
176.7373791762513
176.7373791762513
173.5654342550831
173.5654342550831
173.5654342550831
173.5654342550831
160.83921928175616
160.83921928175616
160.83921928175616
160.83921928175616
154.39067975869867
154.39067975869867
154.39067975869867
154.39067975869867
150.09124065952136
150.09124065952136
150.09124065952136
150.09124065952136
150.26959184130465
150.26959184130465
150.26959184130465
150.26959184130465
147.0036807841715
147.0036807841715
147.0036807841715
147.0036807841715
156.19633419493726
156.19633419493726
156.19633419493726
156.19633419493726
153.4778627374711
153.4778627374711
0.0
0.0
123.32912983483101
123.32912983483101
123.32912983483101
122.76519043639695
113.93336334584941
119.8441191421723
121.3633632324913
121.3633632324913
123.73102899636112
123.73102899636112
0.0
0.0
130.04490316944185
130.04490316944185
130.04490316944185
130.04490316944185
140.51935844462167
140.51935844462167
140.51935844462167
140.51935844462167
159.23545541109036
159.23545541109036
159.23545541109036
159.23545541109036
160.96533269775685
160.96533269775685
160.96533269775685
160.96533269775685
159.13979894507088
159.13979894507088
159.13979894507088
159.13979894507088
154.2843970096554
154.2843970096554
154.2843970096554
154.2843970096554
156.04069871558931
156.04069871558931
156.04069871558931
156.04069871558931
152.10975705180428
152.10975705180428
152.10975705180428
152.10975705180428
149.12832892078038
149.12832892078038
149.12832892078038
149.12832892078038
146.48385654976101
146.48385654976101
146.48385654976101
128.92468055713417
115.61177594693318
104.83633759661514
0.0
0.0
130.01872254517585
130.01872254517585
130.01872254517585
130.01872254517585
139.52940576030147
139.52940576030147
139.52940576030147
139.52940576030147
133.07200134239017
133.07200134239017
133.07200134239017
133.07200134239017
129.83628782346943
129.83628782346943
129.83628782346943
129.83628782346943
149.986373460768
149.986373460768
149.986373460768
149.986373460768
145.13594927710807
145.13594927710807
145.13594927710807
145.13594927710807
141.67076653509702
141.67076653509702
141.67076653509702
141.67076653509702
139.44947302907343
139.44947302907343
139.44947302907343
139.44947302907343
137.7214224282452
137.7214224282452
137.7214224282452
137.7214224282452
139.76569561956532
139.76569561956532
139.76569561956532
119.4260342455175
115.1992551846018
113.01782273868069
0.0
0.0
120.5739784492577
120.5739784492577
120.5739784492577
120.5739784492577
140.29455955553593
140.29455955553593
140.29455955553593
140.29455955553593
134.29677315746883
134.29677315746883
134.29677315746883
134.29677315746883
154.16962251919108
154.16962251919108
154.16962251919108
154.16962251919108
169.75794971821932
169.75794971821932
169.75794971821932
169.75794971821932
168.5778757809064
168.5778757809064
168.5778757809064
168.5778757809064
162.99661079510798
162.99661079510798
162.99661079510798
162.99661079510798
160.93212847506754
160.93212847506754
160.93212847506754
160.93212847506754
157.8275647829069
157.8275647829069
157.8275647829069
157.8275647829069
164.89407962008812
164.89407962008812
164.89407962008812
140.5320355127268
122.51398937376884
108.50194844954613
0.0
0.0
127.48896202196671
127.48896202196671
127.48896202196671
105.45447800368039
91.35288880118469
86.47614965655627
0.0
0.0
0.0
213.82731447338006
213.82731447338006
213.82731447338006
213.82731447338006
208.96134022666388
208.96134022666388
208.96134022666388
208.96134022666388
181.8024722191625
181.8024722191625
181.8024722191625
181.8024722191625
173.24195547119115
173.24195547119115
173.24195547119115
173.24195547119115
174.93928420411197
174.93928420411197
174.93928420411197
174.93928420411197
167.0735239446924
167.0735239446924
167.0735239446924
167.0735239446924
161.45437492233322
161.45437492233322
161.45437492233322
161.45437492233322
161.5700406398321
161.5700406398321
161.5700406398321
161.5700406398321
157.8113654205622
157.8113654205622
157.8113654205622
157.8113654205622
154.80417695289296
154.80417695289296
154.80417695289296
154.80417695289296
152.41560349646798
152.41560349646798
152.41560349646798
152.41560349646798
149.8660676554334
149.8660676554334
149.8660676554334
149.8660676554334
148.11015315907886
148.11015315907886
148.11015315907886
148.11015315907886
152.16685980324488
152.16685980324488
152.16685980324488
152.16685980324488
150.91393806997374
150.91393806997374
150.91393806997374
150.91393806997374
150.22724215820338
150.22724215820338
150.22724215820338
150.22724215820338
154.15994130910107
154.15994130910107
154.15994130910107
154.15994130910107
152.50142262945886
152.50142262945886
152.50142262945886
152.50142262945886
151.0120778100698
151.0120778100698
151.0120778100698
151.0120778100698
154.97597277829956
154.97597277829956
154.97597277829956
154.97597277829956
153.56696732533658
153.56696732533658
153.56696732533658
153.56696732533658
152.28573887012058
152.28573887012058
152.28573887012058
152.28573887012058
151.19834196479246
151.19834196479246
151.19834196479246
151.19834196479246
150.20103955600925
150.20103955600925
150.20103955600925
150.20103955600925
149.2835214378762
149.2835214378762
149.2835214378762
149.2835214378762
148.43658163652697
148.43658163652697
148.43658163652697
148.43658163652697
148.19117913772737
148.19117913772737
148.19117913772737
148.19117913772737
147.31159653950905
147.31159653950905
147.31159653950905
147.31159653950905
146.7077979324815
146.7077979324815
146.7077979324815
146.7077979324815
147.97459922834986
147.97459922834986
147.97459922834986
147.97459922834986
150.73093862474232
150.73093862474232
150.73093862474232
150.73093862474232
150.00628961645094
150.00628961645094
150.00628961645094
150.00628961645094
151.38331083609563
151.38331083609563
151.38331083609563
151.38331083609563
150.8989096220233
150.8989096220233
150.8989096220233
150.8989096220233
152.98437208231556
152.98437208231556
152.98437208231556
152.98437208231556
153.59179909751467
153.59179909751467
153.59179909751467
153.59179909751467
155.64516751727547
155.64516751727547
155.64516751727547
155.64516751727547
154.73420461364586
154.73420461364586
154.73420461364586
154.73420461364586
154.05372219230367
154.05372219230367
154.05372219230367
154.05372219230367
153.9164490414539
153.91644904145411
153.9164490414539
153.9164490414539
154.64342300767603
154.64342300767868
154.64342300767603
154.6434230076761
154.92196222995253
154.92196222995253
154.92196222995253
154.92196222995253
154.3785482971935
154.3785482971935
154.3785482971935
154.3785482971935
153.65327135731835
153.65327135731835
153.65327135731835
153.65327135731835
154.98815099374053
154.98815099374053
154.98815099374053
154.98815099374053
154.37070707335587
154.37070707335587
154.37070707335587
154.37070707335587
153.77898612772768
153.77898612772768
153.77898612772768
153.77898612772768
154.0356297551547
154.0356297551547
154.0356297551547
154.0356297551547
153.47488477765032
153.47488477765032
153.47488477765032
153.47488477765032
154.76979103618868
154.76979103618868
154.76979103618868
154.76979103618868
156.16728245592125
156.16728245592125
156.16728245592125
156.16728245592125
155.50649997970675
155.50649997970675
155.50649997970675
155.50649997970675
154.87046748867678
154.87046748867678
154.87046748867678
154.8704674886769
155.1109942595505
155.1109942595505
155.1109942595505
155.11099425955055
154.60221402216735
154.60221402216735
154.60221402216735
154.60221402216735
155.71698877781358
155.71698877781358
155.71698877781358
155.71698877781358
156.77473678212777
156.77473678212777
156.77473678212777
156.77473678212777
156.28755634548628
156.28755634548628
156.28755634548628
156.28755634548628
156.89859304844126
156.89859304844126
156.89859304844126
156.89859304844126
157.0574100728091
157.0574100728091
157.0574100728091
157.0574100728091
156.49038648548031
156.49038648548031
156.49038648548031
156.49038648548031
155.94125555410412
155.94125555410412
155.94125555410412
155.94125555410545
155.8028466900829
155.8028466900829
155.8028466900829
155.8028466900829
155.4011950442398
155.4011950442398
155.4011950442398
155.4011950442398
155.05562513388304
155.05562513388304
155.05562513388304
155.05562513388304
155.4619233886873
155.4619233886873
155.4619233886873
155.46192338869992
155.12886595526984
155.12886595526984
155.12886595526984
155.12886595526984
154.72204794164824
154.72204794164824
154.72204794164824
154.72204794164824
154.5017437126455
154.5017437126455
154.5017437126455
154.5017437126455
154.0478921311859
154.0478921311859
154.0478921311859
154.0478921311859
154.7592885973869
154.7592885973869
154.7592885973869
154.7592885973869
154.38375162557637
154.38375162557637
154.38375162557637
154.38375162557637
154.12728110708173
154.12728110708173
154.12728110708173
154.12728110708173
153.76606020224176
153.76606020224176
153.76606020224176
153.76606020224176
153.41409570975264
153.4140957097528
153.41409570975264
153.41409570975264
153.12014827672263
153.12014827672263
153.12014827672263
153.12014827672263
152.9199507152674
152.9199507152674
152.9199507152674
152.9199507152674
152.72174482161992
152.72174482161992
152.72174482161992
152.72174482161992
152.3094135966508
152.3094135966508
152.3094135966508
152.3094135966508
151.89505174957705
151.89505174957705
151.89505174957705
151.89505174957705
151.52791141923132
151.52791141923132
151.52791141923132
151.52791141923132
151.1341882405398
151.1341882405398
151.1341882405398
151.1341882405398
151.51478341285815
151.51478341285815
151.51478341285815
151.51478341285815
151.92107868974423
151.92107868974423
151.92107868974423
151.92107868974423
151.65043587237136
151.6504358723714
151.65043587237136
151.65043587237136
151.9566333268497
151.9566333268497
151.9566333268497
151.9566333268497
152.49502098618822
152.49502098618822
152.49502098618822
152.49502098618822
152.15364329700148
152.15364329700148
152.15364329700148
152.15364329700148
151.81985964637573
151.81985964637573
151.81985964637573
151.81985964637573
151.8926877609425
151.8926877609425
151.8926877609425
151.8926877609428
151.76929549509444
151.76929549509444
151.76929549509444
151.76929549509444
152.61752839313021
152.61752839313021
152.61752839313021
152.61752839313021
153.49591553567015
153.49591553567015
153.49591553567015
153.49591553567015
153.5667547209908
153.5667547209908
153.5667547209908
153.5667547209908
153.943999944001
153.943999944001
153.943999944001
153.943999944001
153.82353052536595
153.82353052536595
153.82353052536595
153.82353052536595
153.86817888284193
153.86817888284193
153.86817888284193
153.86817888284193
153.5578376946789
153.5578376946789
153.5578376946789
153.5578376946789
153.25350077344046
153.25350077344046
153.25350077344046
153.25350077344046
152.95523743841503
152.95523743841503
152.95523743841503
149.8299083378102
146.84168788267257
143.96659848887194
142.54025252203144
139.73224661745647
138.42619077552308
138.11054607526958
137.73182230439681
137.4988208764713
136.87300761484306
136.5990414905994
136.2553020212449
135.99774726569737
135.35520372057843
135.12422271634637
134.81490723406367
134.69365967407822
134.24179601533976
134.0630199719012
133.78495093956747
133.70851948459756
133.31060048406033
133.14317935377872
132.88041495466874
132.72536314726332
132.2558373675165
132.11691322568538
131.87800672006978
131.8069258334335
131.40233250683048
131.31777178627237
131.11625012362353
131.0523073125547
130.7405607539801
130.7053990818667
130.52661306188813
130.4231864114114
130.10677846954138
130.06488531348228
138.9332702769674
121.01457225598517
108.42847208921344
98.61747745098981
145.16704632883176
131.97567611501267
121.37250184409565
113.13304421964499
109.55153874745929
110.17101915946968
108.89689814742707
110.46921753085063
110.12468540070059
111.28076501867918
116.93541971882124
117.90300789934027
117.227889927551
123.3730825687696
124.3234283028449
123.97106610250177
123.14218966547126
125.1693177509259
125.09189661213378
127.09551300801554
127.02373669069789
126.99064530178698
126.17057953205199
125.90475812688977
140.22239945596655
127.07007834635924
127.22683527892421
127.05201600594167
126.52590071450415
126.5461788900522
125.97073513738074
125.80372661194112
125.3232245649338
125.17872245143863
124.2742714778549
125.18089610241866
125.46894316421945
125.8165595345823
125.69576156565623
125.64409716685809
160.23732647629262
136.0256122920015
118.03062645926317
104.28456305347014
132.51694363476201
116.54997632584855
104.16000096434179
94.28265994500038
160.84341433806725
157.51005883050075
154.31413691899158
151.308909039464
149.81534607525987
146.77216341546273
145.22882164776837
145.0132689471526
144.89741483753895
144.70817360396813
144.3556368925172
143.78190698239288
147.67610195721784
124.64064605115585
106.94672899334508
93.19963487103207
162.4109084574638
156.86563603094893
149.8532785593907
146.16370865708907
152.58958978638952
152.27996061198508
152.06670485880892
151.63690953886635
151.16974997179727
150.747262489531
149.9379101819703
149.55990443600137
149.14806291271861
148.6642749130807
147.84718777466958
147.4878101842952
147.09699387252945
146.6676706587336
145.91261638210065
145.6313813799778
145.29004003015174
144.97949089111597
144.28980292998767
143.93286487349022
143.5736137593768
143.2941018436399
142.75888549061364
142.45269182467135
142.11612052274398
141.81497966491045
141.16182626242255
140.97721781056586
140.71973808790776
140.4628449830281
139.8717233665143
139.62418245279102
139.34424410308043
139.20524226718246
138.78154138059705
138.65124125098401
138.42897598236604
138.2595939557841
137.8685441837299
137.7648083935819
128.37138712006634
129.19308375681692
129.499814031356
0.0
123.21192877221175
123.21192877221175
123.21192877221175
123.21192877221175
123.21192877221175
123.21192877221175
123.21192877221175
123.21192877221175
123.21192877221175
123.21192877221175
123.21192877221175
123.21192877221175
123.21192877221175
123.21192877221175
123.21192877221175
123.21192877221175
123.21192877221175
123.21192877221175
123.21192877221175
123.21192877221175
123.21192877221175
123.21192877221175
123.21192877221175
123.21192877221175
123.21192877221175
123.21192877221175
123.21192877221175
123.21192877221175
123.21192877221175
123.21192877221175
123.21192877221175
123.21192877221175
123.21192877221175
123.21192877221175
123.21192877221175
123.21192877221175
123.21192877221175
123.21192877221175
123.21192877221175
123.21192877221175
123.21192877221175
123.21192877221175
123.21192877221175
123.21192877221175
123.21192877221175
123.21192877221175
123.21192877221175
123.21192877221175
123.21192877221175
123.21192877221175
123.21192877221175
123.21192877221175
123.21192877221175
123.21192877221175
123.21192877221175
123.21192877221175
123.21192877221175
123.21192877221175
123.21192877221175
123.21192877221175
123.21192877221175
123.21192877221175
123.21192877221175
123.21192877221175
123.21192877221175
123.21192877221175
123.21192877221175
123.21192877221175
123.21192877221175
123.21192877221175
123.21192877221175
123.21192877221175
123.21192877221175
123.21192877221175
123.21192877221175
123.21192877221175
123.21192877221175
123.21192877221175
123.21192877221175
123.21192877221175
123.21192877221175
123.21192877221175
123.21192877221175
123.21192877221175
0.0
0.0
0.0
0.0
0.0
0.0
0.0
0.0
0.0
0.0
0.0
0.0
0.0
0.0
0.0
0.0
0.0
0.0
0.0
0.0
0.0
0.0
0.0
0.0
0.0
0.0
0.0
0.0
0.0
0.0
0.0
0.0
0.0
0.0
0.0
0.0
0.0
0.0
0.0
0.0
0.0
0.0
0.0
0.0
0.0
0.0
0.0
0.0
159.74219793460236
154.08750108508568
146.31816069744985
143.60033278516508
0.0
0.0
0.0
0.0
0.0
0.0
0.0
0.0
0.0
0.0
0.0
0.0
0.0
0.0
0.0
0.0
0.0
0.0
0.0
0.0
0.0
0.0
0.0
0.0
0.0
0.0
0.0
0.0
0.0
0.0
0.0
0.0
0.0
0.0
0.0
0.0
0.0
0.0
0.0
0.0
0.0
0.0
0.0
0.0
0.0
0.0
0.0
0.0
0.0
0.0
0.0
0.0
0.0
0.0
0.0
0.0
0.0
0.0
0.0
0.0
0.0
0.0
0.0
0.0
0.0
0.0
0.0
0.0
0.0
0.0
0.0
0.0
0.0
0.0
0.0
0.0
0.0
0.0
0.0
0.0
0.0
143.55793084868282
132.6856688548647
129.78706163599892
0.0
0.0
143.55793084868282
132.6856688548647
129.78706163599892
0.0
143.55793084868282
132.6856688548647
129.78706163599892
0.0
122.83502443756811
112.53660475732913
115.89608964294068
