0.0
0.0
136.68045895780895
136.68045895780895
136.68045895780895
136.68045895780895
131.9491885847501
131.9491885847501
131.9491885847501
131.9491885847501
152.21332330089797
152.21332330089797
152.21332330089797
152.21332330089797
146.63752836946824
146.63752836946824
146.63752836946824
146.59222140127133
141.36594620359315
141.36588208526172
141.36594620359315
141.36594620358838
137.85189376232137
137.8518937623223
137.8518937623223
137.851893754576
138.9623284015066
138.9623284015067
138.9623284015067
138.9623284015067
142.44094349557037
142.44094349557037
142.44094349557037
142.44094349557037
151.94566424474678
151.86297502218463
151.94566424474678
151.94566424474678
155.2383454216013
155.23834542160148
155.23834542160148
155.23834542160142
152.07684664408237
152.07684664408237
152.07684664408237
152.07614985661237
149.44128811185794
141.70509632426524
149.44128811185794
149.44128811185794
148.1473827711858
148.1473827711858
148.1473827711858
148.1451735643586
146.43855793377705
146.43855793377705
146.43855793377705
146.43855793377705
146.14790340529225
146.14787305215106
146.14790340529225
146.14790340529225
148.61599856273665
148.61599856273665
148.61599856273665
148.6159975655132
147.79395993767397
147.79395993767397
147.79395993767397
143.86350907388206
149.1681246840038
149.16812422303107
149.1681246840038
149.16812467843894
147.6568626595005
147.65686261379958
147.6568626595005
147.656862659498
146.52872515189165
146.52872515189165
146.52872515189165
146.52534110710232
145.42227771532154
145.42227767408986
145.42227771537924
145.4222444627759
144.41646557937736
144.41646557937435
144.41646557937736
144.41646557930792
146.2981043840509
146.2981043840508
146.2981043840509
146.29810438405087
147.70505541404586
147.70505541246163
147.70505541404583
145.23141510938467
146.7948397945534
146.79197115871563
146.79483979485912
145.67561611627602
145.79440270223202
145.79440270223188
145.79440270223202
127.26008085225229
145.18117723624005
145.1715867222282
145.18117723624005
145.1811772362391
148.4282368999691
148.2163428665343
148.4282368999691
148.42823689992898
149.8072133543432
144.94090445030744
149.8072133543432
149.8072124651345
149.12084658851123
149.12074169712952
149.12084658851123
149.1208464320869
148.47806089936353
143.74044067471013
148.47806089936353
148.47805995312112
147.66630351956553
147.66628668547716
147.66630351956687
147.66630351955882
146.9492875218538
146.9492874945916
146.9492875279847
146.9455931446557
146.34447777351494
145.82641028940193
146.34447777351494
146.34447437013878
148.78754394026592
148.72107574200197
148.78754394026592
148.78754393987347
148.10993200987681
148.1099308628397
148.10993336258355
148.08628340166263
147.46828039112543
147.46828039112478
147.46828039112543
147.42631426207467
149.70972304867016
149.70972304867
149.70972304867016
149.70972302940783
148.98072153650006
148.98071114670665
148.98072272110144
148.9266614325081
148.43036834494407
148.3592368378604
148.43036918485058
148.43036918471634
149.43038172876356
149.4303816642187
149.43038172876356
149.4303817287631
149.6033499179141
149.53301000158083
149.6033504353012
149.6033200492699
150.18502952847712
150.15305336899772
150.1850295284773
150.16299479811846
150.09073743580123
145.50210258903826
150.09073743580123
150.09073669033657
149.41052905615163
149.4105290561516
149.4105290559581
149.41052860376334
149.5585343987727
149.55853477617248
149.5585347763517
149.5585300340755
149.07114796017888
149.070955954077
149.07114796017834
149.07056104554556
148.60392739352918
148.60392735491254
148.60392739352918
148.60392733492253
148.17507670823298
148.17507670823292
148.17507670823287
148.17507670823298
149.94524306048987
149.94524330811774
149.94524330811777
149.9452420687254
150.65362883149666
150.4241414603102
150.65362883474253
150.47261923728567
150.21969459552926
150.09837311428885
150.21969459731827
150.2194803378354
151.05772962853777
151.05772962853771
151.05772962853777
151.028657197977
151.25118397348317
151.25118397348317
151.25118397310143
151.25118397348288
150.73143406181947
150.7308866672499
150.73143406181947
150.7306664331896
151.865634375221
151.86563437521863
151.86563437504464
151.86563437522096
152.13457576333627
152.13457507783673
152.13457576333627
152.13456956191013
152.03461725225213
152.00145556149627
152.03461725225213
150.47269400148798
153.0533956633508
153.05339566334976
153.0533956633509
153.05333419033053
153.6590245503206
153.6590245498402
153.6590245503066
153.4455825456334
153.2009534719091
153.20094648743702
153.2009534719091
153.2009534719091
152.7574059602313
152.75661428849625
152.7574059606049
152.75740596060484
153.18516975648404
151.09854084066285
153.1851697562412
153.18515699758936
152.79601961240067
152.73894080543909
152.79601961235375
152.79595417961414
153.51054645762926
153.50568063721906
153.51054645762883
153.51054612786473
153.7603260193337
153.76032529821066
153.76032708109656
153.7603270810965
153.5851493207268
145.38233009495391
153.5851493207268
152.7629594045718
153.20795881337372
153.20795883644868
153.20795883647364
153.20787954931617
152.7471831417251
152.7470998769519
152.7471833634385
152.74671313877218
152.973731129934
152.97373112767016
152.97373112993992
152.9705994841671
153.55506885793403
153.55506885034518
153.55506885756378
153.49215783521825
154.29083468548498
154.2427633731829
154.29083477818946
154.29083477818466
153.851144075491
149.15227998005062
153.851144075491
153.85104785852087
153.58863934875268
153.5886392764077
153.58863937356108
153.58330559557604
153.14789052273528
144.4850764401
153.1478905226837
153.14772557585331
153.79342897595436
153.79342897594674
153.7934289759546
153.79342897555276
153.35965299511906
153.02201050175196
153.36150637993697
153.36150635952
152.9402640282374
142.48923619209054
152.9402640282374
152.94026400294345
152.52968662178674
152.45748131343342
152.52968662152793
152.52968662163445
152.1290720637225
152.1249187093635
152.12911045082976
152.10133302164778
151.73842546937516
151.73842547507718
151.7384254751122
151.73375605041696
151.36949927084802
151.36871838137884
151.369499270848
151.3694990055568
150.93911534923006
150.9796471928164
150.98023365411487
150.9772033112776
151.84699177478598
151.6478223915234
151.84699177485876
151.84699177485865
151.97038841552748
151.9703884150547
151.9703884155279
151.97038841552788
151.68534066288072
151.65307550985221
151.68534066288072
151.66403769718167
152.21837064440518
152.218370628797
152.21837064349734
152.2183706443023
151.93170234688785
151.84285163848034
151.9317023468843
151.9317023467894
151.6795151315775
143.14694222041604
151.67951513216744
151.67951513215675
151.40501865745065
151.4050186572457
151.40501865677305
144.21902983422441
151.1364400411349
151.13543465778358
151.13644006297824
151.13644006270022
151.74640612306948
151.74640583301564
151.74640612306948
134.70465561505162
151.47988278627605
151.4798827862671
151.47988278590284
151.47953553524766
151.15366962837822
151.15362051540345
151.15366962837822
151.1536696268366
151.33034538581
151.33034538504435
151.33034538581
151.3303453697726
151.07438893412166
150.36216044232094
151.07438916856378
151.07438916856378
151.22539992884847
124.55723137618523
151.22539992843778
142.21323357072015
151.40963427869576
151.37028979639138
151.40963427867663
151.40963427844764
151.66437196248643
151.6643719624856
151.66437196248643
151.66437196248035
151.54410988231837
149.77662586550542
151.5441098563256
148.42399531681812
145.51277019558228
142.58515207889107
0.0
0.0
142.25003121580892
142.25003121580892
142.25003121580892
142.25003121580892
175.40498788460565
175.40498786027564
175.40498788460565
175.40498788460565
173.11949402263386
173.11949402263284
173.11949402263386
173.11949402263386
176.60106619421555
176.60044380362362
176.60106619421555
176.60106619421555
187.86905753230408
187.86905753230408
187.86905753230408
187.86905753230408
176.50349690120845
176.50349690120845
176.50349690120845
176.50349690120845
177.76661795406386
0.0
126.38345936522659
115.9714060807631
117.91163858324973
0.0
0.0
154.31734533375786
154.31734533375786
154.31734533375786
154.31734533375786
142.17018220900752
133.47341583750435
142.17018220900752
142.17018188340595
171.14029522425008
171.14029349375457
171.14029522425008
171.13527878350482
159.2624151320974
159.2624151320974
159.2624151320974
156.6830529454015
174.00591156247987
174.0059115624655
174.00591156247987
174.00591156247987
165.6068124605921
165.6068124605921
165.6068124605921
165.6068124605921
166.55135171942237
166.55135171942237
166.55135171942237
166.55135171942237
161.1793808010511
161.1793808010511
161.1793808010511
161.1793808010511
157.0008437517267
157.0008437517267
157.0008437517267
157.0008437517267
159.51176112416925
159.51176112416925
159.51176112416925
139.05642883468468
123.71733660089707
111.86426483054777
0.0
0.0
150.65932516794393
150.65932516794393
150.65932516794393
150.65932516794393
136.35084187909038
136.35084187909038
136.35084187909038
136.35084187909038
131.58105513884985
131.58105513884985
131.58105513884985
131.58105513884985
154.65158563779906
154.65158563779906
154.65158563779906
154.65136956162172
147.94549764078684
147.94549764078684
147.94549764078684
147.94549764078684
147.60806129245123
147.60806129245123
147.60806129245123
147.60806129245123
143.8195194137947
143.8195194137947
143.8195194137947
143.8195194137947
140.97807481116553
140.97807481116553
140.97807481116553
140.97807481116553
143.62405568431058
143.62405568431058
143.62405568431058
143.62405568431058
141.66493626375805
141.66493626375805
141.66493626375805
141.66493626374518
140.37063973080743
140.37063973080566
140.37063973080743
140.37063973080743
139.65027457375996
139.65027457375973
139.65027457375996
139.65027457375996
146.32372594857605
146.32372594857605
146.32372594857605
146.32372594857605
145.7592901182806
145.7592901182798
145.7592901182806
145.75929011821356
145.41647943487152
145.41647943487152
145.41647943487152
145.1811589311715
144.2144967570118
144.2144967570118
144.2144967570118
144.2144967570118
148.04332264520818
148.04332264520818
148.04332264520818
147.0784435246468
146.4689112203445
146.4689112203445
146.4689112203445
146.46891122030593
148.08135953410292
148.08135953410292
148.08135953410292
148.08135953410286
146.66103894200324
146.66103894200324
146.66103894200324
146.66103894196263
145.57606696206383
145.57606696206383
145.57606696206383
145.57604167652906
148.54287285512802
148.54287285512802
148.54287285512802
148.43103915960984
150.0468606026056
150.0468606026056
150.0468606026056
150.0468606003352
151.4845143458201
151.48451434578905
151.4845143458201
151.48451431840226
153.73051274407473
153.73051274407473
153.73051274407473
153.73034705872942
156.20412850548558
156.20412850548558
156.20412850548558
156.20410498978293
158.18730569652075
158.187305696518
158.18730569652075
158.18730569652075
157.03063758572708
157.03063758572708
157.03063758572708
157.03063758425597
155.9010280551548
155.9010280551548
155.9010280551548
148.99635895381618
157.0507470551674
157.0507470551674
157.05074705516736
156.8711913218077
155.86055644220406
155.86055644220406
155.86055644220406
155.8605564422036
155.1045325486173
155.1045325486173
155.1045325486173
155.10453247195835
154.90593915716053
154.90593915716053
154.90593915716053
154.9059391402599
153.8772881374141
153.8772881374141
153.8772881374141
153.87728813741407
152.90709823673737
152.90709823673737
152.90709823673734
152.56492862603204
154.0263134945827
154.0263134945827
154.02631349458267
154.0263133067065
153.90230504464077
153.90230504464077
153.90230504464077
153.90207247010326
156.01797518041946
156.01797518041764
156.01797518041946
145.52530194847947
157.0161566320769
157.01615657503254
157.01615663207687
157.01545847475188
156.2964145462162
156.29641423541725
156.2964145462162
156.29641454233146
156.86348953587617
156.86348953584937
156.86348953587617
156.86348953449266
156.18145374893206
156.18145369659223
156.18145374893206
156.1814494602883
155.53044509166696
155.5304448615296
155.53044509166696
155.52572853761353
154.90848449430248
154.90848286938814
154.90848449430248
154.90848449430248
156.51335431205263
156.51335391878982
156.51335431205263
156.51335431205257
155.85421082867907
155.85421082583824
155.85421082867907
155.84984308049212
155.60337544785057
155.60337544785057
155.60337544785057
143.54995895726316
154.96737614267957
154.96737614267957
154.96737614267957
154.96729727396368
155.12445419386418
155.12445419372256
155.12445419386418
155.12445311040352
154.51541215312383
154.51541215312383
154.51541215312383
154.51540402803786
153.93021549362308
153.93021549362308
153.93021549362308
145.6198560728993
153.2895438821299
153.2895438821299
153.2895438821299
153.28954388212986
153.42810058091837
153.42810058091837
153.42810058091837
153.4280991891566
152.8647776197139
152.8647776197139
152.8647776197139
152.86477761971386
153.52604578270012
153.52604578270012
153.52604578270012
152.55151035932664
154.93411454737375
154.93411454737375
154.93411454737355
154.7265068154262
154.92786206356217
154.92786206356217
154.92786206356217
154.16177302725654
154.37709785562433
154.37709785562433
154.37709785562433
154.37709778769835
154.79160326293334
154.79160326293334
154.79160326293334
154.79157217213995
154.26149653238411
154.26149653238411
154.26149653238411
154.26149652059962
154.53439747113038
154.53439747113038
154.53439747113038
154.53362431236516
155.36387552180548
155.36387552180548
155.36387552180548
155.36387552180548
154.84995676977516
154.84995676977516
154.84995676977516
154.8499567180601
154.35201976854304
154.35201976854304
154.35201976854304
154.2323444939574
154.3060694876999
154.3060694876999
154.3060694876998
151.69047615172937
153.88543798879593
153.88543798879593
153.88543798879593
153.88543798865618
153.44405583430407
153.44405583430407
153.44405583430407
153.44405580032648
153.01561509895708
153.01561509895708
153.01561509895706
153.01561509895706
153.154464607911
153.154464607911
153.15446460791097
153.15445802723295
152.74232682414458
152.74232682414458
152.74232682414458
150.51134352968836
152.34176203000155
152.34176203000155
152.34176203000155
152.34176191612244
153.42809458122622
153.4280787885146
153.42809458122622
153.42792218545162
153.00756054900754
153.00756054900754
153.00756054900754
153.00756054900754
153.31699249652638
153.31699249220858
153.3169924965262
153.31699249652638
152.90179690797547
152.90179690797547
152.90179690797547
152.90179690703278
153.81878444694712
153.81878444694712
153.81878444694712
153.8187844469467
153.91117901867727
153.91117901867727
153.91117901867727
153.91117901867574
153.48368650489635
153.48368650489635
153.48368650489624
153.48368650487404
153.64452823975475
153.64452823975475
153.64452823975475
129.36019560183843
153.72286018211432
153.72286018211432
153.72286018211432
153.7228131867736
153.32321491211914
153.32321491211914
153.32321491211914
153.32311119457285
152.93329962381443
152.93329962381443
152.93329962381443
152.9327588101391
152.88535820296394
152.88535820296394
152.88535820296394
152.88535820296337
152.56670457773043
152.5667045777304
152.56670457773043
152.56670457773043
153.0503266015508
153.0503266015508
153.0503266015508
149.05453069737916
152.73694116666752
152.73694116632376
152.73694116666744
152.73694116666752
152.46262023774466
152.46262023773932
152.46262023774466
152.46262023774466
152.90391857244137
152.90391857244137
152.90391857244137
152.90349419715835
152.52491040674337
152.52491040674337
152.52491040674337
152.52491040674337
152.187214108881
152.187214108881
152.187214108881
152.18721363446423
151.91708633720788
151.91708633311032
151.91708633720788
151.91708633720788
151.65260636263062
151.65256252750424
151.6526063626306
151.6526063611148
151.3378645787159
151.3378645787159
151.33786457871574
151.33786457863164
151.02978422167618
151.02978422167618
151.02978422167618
151.0297840776952
151.38196505154096
151.38187148917282
151.3819650515408
151.38196504455638
151.3358123390643
151.3358123390643
151.3358123390643
147.66396159133168
151.89239516299995
151.89239516299995
151.89239516299995
144.3109784205815
151.58990903901528
151.58990903901528
151.58990903901528
151.58990903901508
151.2934883668357
151.2934883668357
151.2934883668357
150.93742907856884
151.01588414473375
151.01588414473375
151.01588414473375
147.97763301658364
145.05669332227768
139.31681092558463
0.0
0.0
127.84330907403067
127.84330907403067
127.84330907403067
127.84330907403067
146.28136739119944
146.28136739119944
146.28136739119944
146.28136739119944
139.9372429955772
139.9372429955772
139.9372429955772
139.9372429955772
152.1633833341741
152.1633833341741
152.1633833341741
152.1633833341741
151.10022060046225
151.10022060046225
151.10022060046225
151.10022060046225
148.75690025222093
148.75690025222093
148.75690025222093
148.75690025222093
144.76753613522123
144.76753613522123
144.76753613522123
144.76753613522123
141.7122786492548
141.7122786492548
141.7122786492548
141.7122786492548
139.3360578441206
139.3360578441206
139.3360578441206
139.3360578441206
137.43508120265628
137.43508120265628
137.43508120265628
119.30159907596489
106.24196268889295
95.54599341973487
0.0
0.0
130.04252907348933
130.04252907348933
130.04252907348933
130.04252907348933
125.49165966729743
125.49165966729743
125.49165966729743
125.49165966729743
140.32136071119098
140.32136071119098
140.32136071119098
140.32136071119098
135.47647692832786
135.47647692832786
135.47647692832786
135.47647692832786
149.64128002528088
149.64128002528088
149.64128002528088
149.64128002528088
144.85840204642835
144.85840204642835
144.85840204642835
144.85840204642835
141.4415645947443
141.4415645947443
141.4415645947443
141.44156459097397
144.16692623506083
144.16692623506083
144.16692623506083
144.16692623506083
141.8373947883639
141.8373947883639
141.8373947883639
141.8373947883639
140.9021904107155
140.90218933984482
140.9021904107155
136.34019000595845
128.98806136396772
126.02160688700944
0.0
0.0
151.644596907879
151.644596907879
151.644596907879
151.644596907879
174.3443392471125
174.3443392471125
174.3443392471125
174.3443392471125
181.32590222790637
181.32590222790637
181.32590222790637
181.32590222790637
171.81477924352473
171.81477924352473
171.81477924352473
171.81477924352473
162.38660449982723
162.38660449982723
162.38660449982723
162.38660449982723
155.72360926213878
155.72360926213878
155.72360926213878
155.72360926212707
153.08060685233616
153.08060685233616
153.08060685233616
153.08060685233616
159.96442181310417
159.96442181310417
159.96442181310417
159.96442181310417
161.2274813599221
161.2274813599221
161.2274813599221
161.2270392942899
160.336964158978
160.336964158978
160.336964158978
160.336964158978
160.336964158978
160.336964158978
0.0
0.0
130.02528786337857
130.02528786337857
130.02528786337857
102.2322488530081
87.03051654592234
83.81496950027557
0.0
0.0
0.0
150.04029887033118
150.04029887033118
150.04029887033118
150.04029887033118
135.52027281300937
135.52027281300937
135.52027281300937
135.52027281300937
130.6801291649006
130.6801291649006
130.6801291649006
130.6801291642859
130.3136601604805
130.3136601604805
130.3136601604805
130.31366016048045
141.55549099209435
141.55549099209435
141.55549099209435
141.55513686992768
139.49423204227045
139.49423204227045
139.49423204227045
139.49423204170432
138.02133569906826
138.02133569906826
138.02133569906826
138.02133569906826
136.91666343953955
136.91666343953955
136.91666343953955
136.91666343953955
139.9105351762983
139.9105351762983
139.9105351762983
139.9105351762983
143.06403498501453
143.06403498501453
0.0
0.0
225.4030646621558
225.4030646621558
0.0
0.0
223.44005075480453
223.44005075480453
223.44005075480453
223.44005075480453
176.7373791762513
176.7373791762513
176.7373791762513
176.7373791762513
173.5654342550831
173.5654342550831
173.5654342550831
173.5654342550831
160.83921928175616
160.83921928175616
160.83921928175616
160.8392189465927
154.39067975869867
154.38945797798337
154.39067975869867
154.39067975869867
150.09124065952136
150.09124065952136
150.09124065952136
150.09124065952136
150.26959184130465
150.26959184130465
150.26959184130465
150.26959184130465
147.0036807841715
147.0036807841715
147.0036807841715
147.00368078417148
156.19633419493726
156.19633419493468
156.19633419493726
156.19633320367586
153.4778627374711
153.47783696863885
0.0
0.0
123.32912983483101
123.32912983483101
123.32912983483101
122.76519043639695
113.93336334584941
119.8441191421723
121.3633632324913
121.36336835983502
123.73102899636112
123.73104551400266
0.0
0.0
130.04490316944185
130.04490316944185
130.04490316944185
130.04490316944185
140.51935844462167
140.51935844462167
140.51935844462167
140.51925120503685
159.23545541109036
151.34226879640468
159.23545541109036
159.23545541109036
160.96533269775685
160.96533269775665
160.96533269775685
160.96533269775685
159.13979894507088
159.1397928887246
159.13979894507088
159.13978116610573
154.2843970096554
154.28439700938267
154.2843970096554
154.2843969990604
156.04069871558931
156.04069871558931
156.04069871558931
156.04069871558931
152.10975705180428
152.10975705180428
152.10975705180428
152.10975705180425
149.12832892078038
149.12832892078038
149.12832892078038
149.12832890803782
146.48385654976101
146.48385654976101
146.48385654976101
128.92468055713417
115.61177594693318
104.83633759661514
0.0
0.0
130.01872254517585
130.01872254517585
130.01872254517585
130.01872254517585
139.52940576030147
139.52940576030147
139.52940576030147
139.52940576030147
133.07200134239017
133.07200134239017
133.07200134239017
133.07200134239017
129.83628782346943
129.83628782346943
129.83628782346943
129.83628782346943
149.986373460768
149.986373460768
149.986373460768
149.91310388867387
145.13594927710807
145.13594927710807
145.13594927710807
145.13594927710807
141.67076653509702
141.67076653509702
141.67076653509702
141.67076653509702
139.44947302907343
139.44947302907343
139.44947302907343
139.44947302907343
137.7214224282452
137.7214224282452
137.7214224282452
137.7214224282452
139.76569561956532
139.76569561621457
139.76569561956532
119.4260342455175
115.1992551846018
113.01782273868069
0.0
0.0
120.5739784492577
120.5739784492577
120.5739784492577
120.5739784492577
140.29455955553593
140.29455955553593
140.29455955553593
140.29455955553593
134.29677315746883
134.29677315746883
134.29677315746883
134.29677315746883
154.16962251919108
154.16962251919108
154.16962251919108
154.16962251919108
169.75794971821932
169.75794971821932
169.75794971821932
169.75794971821932
168.5778757809064
168.5778757809064
168.5778757809064
168.5778757809064
162.99661079510798
162.99661079510798
162.99661079510793
162.99661079510798
160.93212847506754
160.93212847506754
160.93212847506754
160.93212847506754
157.8275647829069
157.8275647829069
157.82756478290685
157.8275647829069
164.89407962008812
164.89407962008812
164.89407962008812
140.5320355127268
122.51398937376884
108.50194844954609
0.0
0.0
127.48896202196671
127.48896202196671
127.48896202196671
105.45447800368039
91.35288880118469
86.47614965655627
0.0
0.0
0.0
213.82731447338006
213.82731447338006
213.82731447338006
213.82731447338006
208.96134022666388
208.96134022666388
208.96134022666388
208.96134022666388
181.8024722191625
181.8024722191625
181.8024722191625
181.8024722191625
173.24195547119115
173.24195547119115
173.24195547119115
173.24195547119115
174.93928420411197
174.93928420411197
174.93928420411197
174.93928420411194
167.0735239446924
167.0735239446924
167.0735239446924
167.0735239446924
161.45437492233322
161.45437492233322
161.45437492233322
161.1000657492257
161.5700406398321
161.5700406398321
161.5700406398321
161.5700406398321
157.8113654205622
157.81136470103942
157.8113654205622
157.81136542049572
154.80417695289296
154.80417695289293
154.80417695289296
154.80417695289296
152.41560349646798
152.41560349646798
152.41560349646798
152.4156034964641
149.8660676554334
149.8660676554334
149.8660676554334
149.86605712119672
148.11015315907886
148.11015315907886
148.11015315907886
148.10847767183645
152.16685980324488
152.1668597699335
152.16685980324488
152.16685980324453
150.91393806997374
150.9139380695973
150.91393806997374
150.85098287361674
150.22724215820338
150.22724215820338
150.22724215820338
150.22724215820332
154.15994130910107
154.15994130910096
154.15994130910107
154.15994130909533
152.50142262945886
152.50142262945886
152.50142262945886
152.50138122279398
151.0120778100698
151.0120778100698
151.0120778100698
151.01198396596578
154.97597277829956
154.97597246904522
154.97597277829956
154.9754567983688
153.56696732533658
153.56696732533655
153.56696732533658
153.56696731273686
152.28573887012058
152.28573887012053
152.28573887012058
152.28573887012058
151.19834196479246
151.19834196333684
151.19834196479246
151.09147198812212
150.20103955600925
150.20103953737407
150.20103955600925
150.1513933909826
149.2835214378762
149.28352142438808
149.2835214378762
149.283521437848
148.43658163652697
148.43658163529952
148.43658163652697
148.4365800652364
148.19117913772737
148.19117901503415
148.19117913772737
148.1911711103597
147.31159653950905
147.31159653950905
147.31159653950905
147.31142876572557
146.7077979324815
146.70778820187226
146.7077979324815
146.70776010516465
147.97459922834986
147.97459922794528
147.97459922834986
147.9745930304139
150.73093862474232
150.73093691191144
150.73093862474232
143.31904198301882
150.00628961645094
150.00628960695818
150.00628961645094
150.006289504604
151.38331083609563
151.38331083609563
151.38331083609563
151.37330292377587
150.8989096220233
150.8989096220233
150.8989096220233
150.89890958526283
152.98437208231556
152.88129986098994
152.98437208231556
152.98436879199713
153.59179909751467
153.59179905114001
153.59179909751467
153.28963980140978
155.64516751727547
155.64516751727547
155.64516751727547
155.6451674710343
154.73420461364586
154.73420461364586
154.73420461364586
154.73420461325725
154.05372219230367
154.05372219044833
154.05372219230367
153.28067692703726
153.9164490414539
153.91383212603068
153.9164490414539
153.91644899446894
154.64342300767603
154.6294178957748
154.64342300767603
154.5717235128814
154.92196222995253
154.92196222995253
154.92196222995253
154.9218365554966
154.3785482971935
154.3785482971935
154.3785482971935
154.37854826213254
153.65327135731835
153.65327135731835
153.65327135731835
153.65327135731826
154.98815099374053
154.98815099374053
154.98815099374053
154.98815099364552
154.37070707335587
154.37070707335587
154.37070707335587
154.370706983843
153.77898612772768
153.7789861276318
153.77898612772768
153.11246792803124
154.0356297551547
154.0356295917274
154.0356297551547
154.03553888463972
153.47488477765032
153.4748847776503
153.47488477765032
152.66465267324557
154.76979103618868
154.76979103017564
154.76979103618868
154.7697909360612
156.16728245592125
156.16728245234071
156.16728245592125
156.16727478395916
155.50649997970675
155.50649997970675
155.50649997970675
155.5064999797067
154.87046748867678
154.87046748867678
154.87046748867678
154.716458924242
155.1109942595505
155.11098827943871
155.1109942595505
155.04596562161768
154.60221402216735
154.60221398664862
154.60221402216735
153.04454703939953
155.716988777813
155.7169094439552
155.71698877781358
155.716988759656
156.77473678212777
156.74228557985845
156.77473678212777
156.77280166931075
156.28755634548628
156.28755634548318
156.28755634548628
156.2875563454709
156.89859304844126
156.89859304844126
156.89859304844126
156.89859304705072
157.0574100728091
157.0574100728091
157.0574100728091
156.98512526491933
156.49038648548031
156.49038648548031
156.49038648548031
138.02818699056365
155.94125555410412
155.94125555410412
155.94125555410412
153.85711905519577
155.8028466900829
155.8028466900829
155.8028466900829
155.80284664614342
155.4011950442398
155.4011950442398
155.4011950442398
155.40119423049154
155.05562513388304
155.05562513388304
155.05562513388304
155.050115384781
155.4619233886873
155.4619233886873
155.4619233886873
137.01024767914694
155.12886595526984
155.12886595495596
155.12886595526984
149.28368408145812
154.72204794164824
154.7220479397924
154.72204794164824
154.72093097304688
154.5017437126455
154.5017437116944
154.5017437126455
151.3567878862712
154.0478921311859
154.0478921311859
154.0478921311859
149.87699262424286
154.7592885973869
154.75928857979002
154.7592885973869
154.75927457707817
154.38375162557637
154.38371591891428
154.38375162557637
154.3556648769464
154.12728110708173
154.12723401983897
154.12728110708173
153.46246527062334
153.76606020224176
153.7660602018766
153.76606020224176
153.76595692215727
153.41409570975264
153.41408233334505
153.41409570975264
153.41408682296193
153.12014827672263
153.12014201865662
153.12014827672263
153.10744333349987
152.9199507152674
152.91993394314358
152.9199507152674
152.91991634425835
152.72174482161992
152.72174477077073
152.72174482161992
152.16957086145257
152.3094135966508
152.3094135966508
152.3094135966508
152.16823948635664
151.89505174957705
151.89505174957705
151.89505174957705
147.408130490574
151.52791141923132
151.52791141923132
151.52791141923132
151.52566964270812
151.1341882405398
151.1341882405398
151.1341882405398
151.1311738321947
151.51478341285815
151.51478341285815
151.51478341285815
151.17338461988868
151.92107868974423
151.92107868974423
151.92107868974423
151.91944946359624
151.65043587237136
151.64334898990052
151.65043587237136
150.40309305070753
151.9566333268481
151.95181554781556
151.9566333268497
149.0399324493706
152.49502098618822
152.49502098618822
152.49502098618822
152.493519742086
152.15364329700148
152.15364329700148
152.15364329700148
145.6839273097195
151.81985964637573
151.81985964637573
151.81985964637573
151.12290384203104
151.8926877609425
151.8926877609425
151.8926877609425
151.4426127147238
151.76929549509444
151.76925474258945
151.76929549509444
151.7684695167235
152.61752839313021
152.61176084069413
152.61752839313021
152.44604917445216
153.49591553567015
153.49558502148528
153.49591553567015
153.49552086476598
153.5667547209908
153.56674761112055
153.5667547209908
146.23025680949644
153.943999944001
153.943999944001
153.943999944001
149.89324584156583
153.82353052536595
153.82353052536595
153.82353052536595
138.40077720660398
153.86817888284193
153.86817888284193
153.86817888284193
152.32997416940725
153.5578376946789
153.5578376946789
153.5578376946789
151.12426487696524
153.25350077344046
153.25350077344046
153.25350077344046
151.49758815894089
152.95523743841503
152.95523743841503
152.95523743841503
149.8299083378102
146.84168788267257
140.45973226974374
142.54025252203144
139.73224661745647
138.42619077552308
138.11054607526958
137.73182230439681
137.4988208764713
136.87149069173614
136.59904148998112
136.2553020212444
135.99774601317455
135.32273490673637
135.05792485961516
134.8149072326082
134.69365967393742
134.24159137663156
134.06300706059847
133.7849433156544
133.70850550629177
133.23195649221583
133.143165900636
132.88007713517075
128.523738705142
132.19851135336046
132.1161086152054
131.751592655658
131.8069258333662
131.40233250682778
131.31777178625038
130.97093303538307
131.05141251452224
130.74056075259688
130.70539823324734
130.0809318607941
130.3778647945136
130.10677824452333
130.06485272433247
138.9332702769674
121.01457225598517
108.42847208921344
98.61747745098974
145.16704632883176
131.97567611501267
121.37250184409565
113.13304421964499
109.55153874745929
110.17101915946968
108.89689814742707
110.46921753085063
110.12468540070059
111.28074655786533
116.93541971882124
117.90300789933431
117.22788992755298
123.3730825687696
124.3234283028449
123.97106610250177
123.14218966547273
125.1693177509259
125.09189661319765
127.09549483169796
126.90871372577894
126.95666114336538
126.17057794108315
125.9047570553258
125.2837064576018
127.07007834635924
127.2268352787828
127.05196255347488
126.52569380752976
126.54617889005219
125.97042876121787
125.80372629782373
125.3232245649338
124.74163030384994
124.27989692870685
125.18089610241712
125.05299699931618
125.81612439458864
125.69575167770078
125.64409710911816
160.23732647629262
136.0256122920015
118.03062645926317
104.28456305347014
132.51694363476201
116.54997632584855
104.16000096434179
94.28265994500038
160.84341433806725
156.86017186187559
154.31413691899158
151.30890903946352
149.81534607525987
146.77216341546273
145.22882164776837
145.01326894713233
144.89741483753895
144.70817339758455
144.3556368925172
143.78190694644445
147.67610195721784
124.64064605115585
106.94672899334508
93.19963487103202
162.4109084574638
156.86563603094893
149.8532785593907
146.16370865708907
152.58958978638952
152.27996061198508
152.06670485880892
151.63690953886635
151.16627647023589
150.7472624895184
149.93791018150998
149.5598814041698
149.14806291152073
148.6642749130807
147.8471877727929
147.48762438821984
146.38107656595457
146.52404655288308
145.8971595950422
145.6312998500396
145.2900399519888
144.97949089111103
144.28980292998767
143.93216118735003
143.55044013805121
143.29410184040412
142.75887903213194
142.45269182467132
141.19953689523533
141.81351973614207
141.16182603743982
140.95051957438113
138.05270005636388
136.9338712627196
139.78656192896045
139.6241820957716
137.54168662978606
139.0249847914952
138.26135321148698
138.651229366681
135.0736918651397
137.98313362695657
137.86486670429315
137.42982466872473
128.37138712006634
129.19308375681692
129.499814031356
0.0
123.21192877221175
123.21192877221175
123.21192877221175
123.21192877221175
123.21192877221175
123.21192877221175
123.21192877221175
123.21192877221175
123.21192877221175
123.21192877221175
123.21192877221175
123.21192877221175
123.21192877221175
123.21192877221175
123.21192877221175
123.21192877221175
123.21192877221175
123.21192877221175
123.21192877221175
123.21192877221175
123.21192877221175
123.21192877221175
123.21192877221175
123.21192877221175
123.21192877221175
123.21192877221175
123.21192877221175
123.21192877221175
123.21192877221175
123.21192877221175
123.21192877221175
123.21192877221175
123.21192877221175
123.21192877221175
123.21192877221175
123.21192877221175
123.21192877221175
123.21192877221175
123.21192877221175
123.21192877221175
123.21192877221175
123.21192877221175
123.21192877221175
123.21192877221175
123.21192877221175
123.21192877221175
123.21192877221175
123.21192877221175
123.21192877221175
123.21192877221175
123.21192877221175
123.21192877221175
123.21192877221175
123.21192877221175
123.21192877221175
123.21192877221175
123.21192877221175
123.21192877221175
123.21192877221175
123.21192877221175
123.21192877221175
123.21192877221175
123.21192877221175
123.21192877221175
123.21192877221175
123.21192877221175
123.21192877221175
123.21192877221175
123.21192877221175
123.21192877221175
123.21192877221175
123.21192877221175
123.21192877221175
123.21192877221175
123.21192877221175
123.21192877221175
123.21192877221175
123.21192877221175
123.21192877221175
123.21192877221175
123.21192877221175
123.21192877221175
123.21192877221175
123.21192877221175
0.0
0.0
0.0
0.0
0.0
0.0
0.0
0.0
0.0
0.0
0.0
0.0
0.0
0.0
0.0
0.0
0.0
0.0
0.0
0.0
0.0
0.0
0.0
0.0
0.0
0.0
0.0
0.0
0.0
0.0
0.0
0.0
0.0
0.0
0.0
0.0
0.0
0.0
0.0
0.0
0.0
0.0
0.0
0.0
0.0
0.0
0.0
0.0
159.74219793460236
154.08750108508568
146.31816069744985
143.60033278515533
0.0
0.0
0.0
0.0
0.0
0.0
0.0
0.0
0.0
0.0
0.0
0.0
0.0
0.0
0.0
0.0
0.0
0.0
0.0
0.0
0.0
0.0
0.0
0.0
0.0
0.0
0.0
0.0
0.0
0.0
0.0
0.0
0.0
0.0
0.0
0.0
0.0
0.0
0.0
0.0
0.0
0.0
0.0
0.0
0.0
0.0
0.0
0.0
0.0
0.0
0.0
0.0
0.0
0.0
0.0
0.0
0.0
0.0
0.0
0.0
0.0
0.0
0.0
0.0
0.0
0.0
0.0
0.0
0.0
0.0
0.0
0.0
0.0
0.0
0.0
0.0
0.0
0.0
0.0
0.0
0.0
143.55793084868282
132.6856688548647
129.78706163599892
0.0
0.0
143.55793084868282
132.6856688548647
129.78706163599892
0.0
143.55793084868282
132.6856688548647
129.78706163599892
0.0
122.83502443756811
112.53660475732913
115.88233708140778
