0.0
0.0
0.0
176.91232640924483
174.57288898278563
183.56600379168577
185.3708126151467
181.61437753779768
192.61380960486468
174.40192220182647
187.787409736321
168.0384080210787
188.57954434403482
169.82594547167238
175.16029892462487
166.12211059724797
189.96773626620976
169.9867572983417
174.38892725150092
171.72730641442237
190.90885218993358
175.41954800355913
180.9031832144655
168.3035421568209
179.69494324323503
171.45021938095397
183.38138521257787
170.30020908273173
181.20850395589943
175.1496913930867
179.14831539539531
167.90579470038185
188.92555821777503
176.11437291113188
179.82543222556345
165.63388143866703
183.284929559161
173.4608594922179
178.93719169145035
168.89810162763806
187.18283383068513
167.4262969341473
178.53280302095675
