0.0
0.0
136.68045895780895
136.68045895780895
136.68045895780895
136.68045895780895
131.9491885847501
131.9491885847501
131.9491885847501
131.9491885847501
152.21332330089797
152.21610262222313
152.21332330089797
152.2138170344349
146.63752836946824
146.63752836946824
146.63752836946824
146.63752836946824
141.36594620359315
141.36594620359315
141.36594620359315
141.36594620359315
137.8518937623223
137.8518937623223
137.8518937623223
137.8518937623223
138.9623284015067
138.97841820432447
138.9623284015067
138.96232840207153
142.44094349557037
142.4409441100929
142.44094349557037
142.44094349557037
151.94566424474678
151.94566424474678
151.94566424474678
151.94587552517172
155.23834542160148
162.49393863156
155.23834542160148
155.23834542160148
152.07684664408237
152.07685324261323
152.07684664408237
152.07684664408237
149.44128811185794
149.44128811185794
149.44128811185794
151.73650757211317
148.1473827711858
148.1566154078265
148.1473827711858
148.1473827711858
146.43855793377705
146.4386102817627
146.43855793377705
146.43855793377705
146.14790340529225
146.14790340529225
146.14790340529225
146.1479034090864
148.61599856273665
148.61599856273665
148.61599856273665
148.61599856273665
147.79395993767397
147.79395993767397
147.79395993767397
149.17727768825645
149.1681246840038
149.1681246840038
149.1681246840038
149.16812468400553
147.6568626595005
147.65686265955034
147.6568626595005
147.6568626595005
146.52872515189165
146.52872515189165
146.52872515189165
146.52872515189165
145.42227771537924
145.42227771537924
145.42227771537924
145.4222790773144
144.41646557937736
144.41646557937736
144.41646557937736
144.41646557937736
146.2981043840509
149.14938973630728
146.2981043840509
157.6699146248571
147.70505541404586
147.7050554163396
147.70505541404586
148.404156092706
146.79483979485912
146.7948425052306
146.79483979485912
147.03674661085037
145.79440270223202
145.79645662017415
145.79440270223202
147.62113590922564
145.18117723624005
145.18119685082092
145.18117723624005
145.1812949606019
148.4282368999691
148.87685545314676
148.4282368999691
148.42823749891122
149.8072133543432
151.2774035577557
149.8072133543432
149.80721335885494
149.12084658851123
149.12084660351593
149.12084658851123
149.12084659088544
148.47806089936353
148.6403671591906
148.47806089936353
148.4780609046149
147.66630351956687
147.66630387148246
147.66630351956687
147.7055357987583
146.9492875279847
146.94928766537578
146.9492875279847
146.94929142938483
146.34447777351494
148.6405276026386
146.34447777351494
146.34447781230097
148.78754394026592
148.78779397234874
148.78754394026592
148.78756222076612
148.10993336258355
148.1099333817808
148.10993336258355
148.11055205570256
147.46828039112543
147.69069692740337
147.46828039112543
147.46842294622627
149.70972304867016
152.18113848728106
149.70972304867016
149.7097231045535
148.98072272114555
148.9807228897892
148.98072272114555
148.98090260158662
148.43036918485058
148.43065583445585
148.43036918485058
148.43098551698557
149.43038172876356
149.43038173780798
149.43038172876356
149.85269434035146
149.60335043530137
149.67723425864583
149.60335043530137
149.603351098673
150.1850295284773
150.18510233842503
150.1850295284773
150.185071134847
150.09073743580123
151.3913730304166
150.09073743580123
150.09073743989586
149.41052905615163
151.97212294201182
149.41052905615163
149.41052906079193
149.5585347763517
149.5589715672684
149.5585347763517
149.55853477650422
149.07114796017888
149.07115922264856
149.07114796017888
149.07120815005942
148.60392739352918
148.60392741143906
148.60392739352918
148.6039274031173
148.17507670823298
155.9790846863917
148.17507670823298
149.8189361682913
149.94524330811777
160.3012295079292
149.94524330811777
149.9452433141398
150.65362883474253
150.65505201524002
150.65362883474253
150.66315899392134
150.21969459731827
150.37496944448264
150.21969459731827
150.21970612135507
151.05772962853777
168.9907292675271
151.05772962853777
151.05779314435028
151.25118397348317
155.99664049574017
151.25118397348317
159.30652446864812
150.73143406181947
150.73147835444783
150.73143406181947
150.73150761601855
151.865634375221
151.9031160018953
151.865634375221
161.29947904537607
152.13457576333627
152.13457576361708
152.13457576333627
152.1345758089572
152.03461725225213
152.03468769708618
152.03461725225213
152.2409918273553
153.0533956633509
153.16818972160655
153.0533956633509
153.05339694982177
153.6590245503206
153.65903928759073
153.6590245503206
153.66777915252376
153.2009534719091
153.20095347210778
153.2009534719091
154.052828324185
152.7574059606049
152.7574062008817
152.7574059606049
159.20351319106427
153.18516975648404
161.11839826007207
153.18516975648404
153.18517362496067
152.79601961240067
152.79734629811284
152.79601961240067
152.79602168281235
153.51054645762926
153.51063362691087
153.51054645762926
158.02289881196606
153.76032708109656
153.76035211077925
153.76032708109656
164.53229150067818
153.5851493207268
179.3974715016604
153.5851493207268
153.6518500268897
153.20795883647364
153.2185573798262
153.20795883647364
153.20796119322281
152.7471833634385
152.747185933791
152.7471833634385
152.74721154757978
152.97373112993992
152.9764375391056
152.97373112993992
152.9742029015563
153.55506885793403
153.55540504763422
153.55506885793403
153.55648507905022
154.2908347781895
154.29093688498787
154.2908347781895
154.42201124156267
153.851144075491
153.95558544978604
153.851144075491
153.85114680273327
153.58863937356125
153.5888207487898
153.58863937356125
153.58871734104116
153.14789052273528
176.36955873093774
153.14789052273528
153.14789633356335
153.7934289759546
153.80036228098186
153.7934289759546
153.79362940325964
153.36150638007746
153.8725148902528
153.36150638007746
153.36181190774533
152.9402640282374
153.32041896899742
152.9402640282374
153.03693937279965
152.52968662178674
152.5298926523764
152.52968662178674
152.5304506003414
152.12911045082976
152.12922110215456
152.12911045082976
152.14277075037577
151.7384254751122
151.73916604652084
151.7384254751122
151.7394087953437
151.36949927084802
151.36956941109696
151.36949927084802
155.11683826784747
150.980233654115
150.98225929646063
150.980233654115
150.98040766936646
151.84699177485876
152.1176102368038
151.84699177485876
184.61061630227604
151.9703884155279
151.9706837760634
151.9703884155279
161.24659879555145
151.68534066288072
151.70330813004176
151.68534066288072
151.6853850507744
152.21837064440518
152.2186977666157
152.21837064440518
152.21854664378094
151.93170234688785
151.93453452511804
151.93170234688785
151.9318868402575
151.6795151321724
173.4427323427087
151.6795151321724
151.69906586879233
151.40501865745065
151.4051511274117
151.40501865745065
151.64824419051016
151.13644006297824
151.13654527822243
151.13644006297824
151.13683122274418
151.74640612306948
151.7465033128425
151.74640612306948
159.42686182375238
151.47988278627605
151.52448240750607
151.47988278627605
151.48432518716427
151.15366962837822
151.15367156561484
151.15366962837822
151.155380517878
151.33034538581
151.33094011549966
151.33034538581
151.33067606615313
151.07438916856378
151.08180737173734
151.07438916856378
151.99689035799312
151.22539992884847
153.35660825009424
151.22539992884847
154.35864948783853
151.40963427869576
151.4105192890676
151.40963427869576
151.40978066060515
151.66437196248643
153.31078512291035
151.66437196248643
151.74487480415297
151.5441098917358
151.80655414200444
151.5441098917358
148.43339621390862
145.51277019558228
142.71865311689567
0.0
0.0
142.25003121580892
142.25003121580892
142.25003121580892
142.25003121580892
175.40498788460565
175.40498788460565
175.40498788460565
175.40498788460565
173.11949402263386
173.11949402263386
173.11949402263386
173.11949402263386
176.60106619421555
176.60106619421555
176.60106619421555
176.60106619421555
187.86905753230408
187.8690575293108
187.86905753230408
187.86905753230403
176.50349690120845
176.50349690123699
176.50349690120845
176.50349690917048
177.76661795406386
0.0
126.38345936522659
115.9714060807631
117.91163858324973
0.0
0.0
154.31734533375786
154.31734533375786
154.31734533375786
154.31734533375786
142.17018220900752
142.17018220900752
142.17018220900752
142.17018220900752
171.14029522425008
171.14029522425008
171.14029522425008
171.14029522425008
159.2624151320974
159.2624151320974
159.2624151320974
159.2624151320974
174.00591156247987
174.00591156247987
174.00591156247987
174.00591156247987
165.6068124605921
165.6068124605921
165.6068124605921
165.6068124605921
166.55135171942237
166.55135171942237
166.55135171942237
166.55135171942237
161.1793808010511
161.1793808010511
161.1793808010511
161.1793808010511
157.0008437517267
157.0008437517267
157.0008437517267
157.0008437517267
159.51176112416925
159.51176112416925
159.51176112416925
139.05642883468468
123.71733660089707
111.86426483054787
0.0
0.0
150.65932516794393
150.65932516794393
150.65932516794393
150.65932516794393
136.35084187909038
136.35084187909038
136.35084187909038
136.35084187909038
131.58105513884985
131.58105513884985
131.58105513884985
131.58105513884985
154.65158563779906
154.65158563779906
154.65158563779906
154.65158563779906
147.94549764078684
147.94549764078684
147.94549764078684
147.94549764078684
147.60806129245123
147.60806129245123
147.60806129245123
147.60806129245123
143.8195194137947
143.8195194137947
143.8195194137947
143.8195194137947
140.97807481116553
140.97807481116553
140.97807481116553
140.97807481116553
143.62405568431058
143.62405568431058
143.62405568431058
143.62405568431058
141.66493626375805
141.66493626375805
141.66493626375805
141.66493626375805
140.37063973080743
140.37063973080743
140.37063973080743
140.37063973080743
139.65027457375996
139.65027457375996
139.65027457375996
139.65027457375996
146.32372594857605
146.32372594857605
146.32372594857605
146.32372594857605
145.7592901182806
145.7592901182806
145.7592901182806
145.7592901182806
145.41647943487152
145.41647943487152
145.41647943487152
145.41647943487152
144.2144967570118
144.2144967570118
144.2144967570118
144.2144967570118
148.04332264520818
148.04332264520818
148.04332264520818
148.04332264520818
146.4689112203445
146.4689112203445
146.4689112203445
146.4689112203445
148.08135953410292
148.08135953410292
148.08135953410292
148.08135953410292
146.66103894200324
146.66103894200324
146.66103894200324
146.66103894200324
145.57606696206383
145.57606696206383
145.57606696206383
145.57606696206383
148.54287285512802
148.54287285512802
148.54287285512802
148.54287285512802
150.0468606026056
150.0468606026056
150.0468606026056
150.0468606026056
151.4845143458201
151.48451434582378
151.4845143458201
151.4845143458201
153.73051274407473
153.73051274407473
153.73051274407473
153.73051274407473
156.20412850548558
156.20412850548558
156.20412850548558
156.20412850548558
158.18730569652075
158.18730569652075
158.18730569652075
158.29369903501865
157.03063758572708
157.03063758572708
157.03063758572708
157.03065151557914
155.9010280551548
155.9010280551548
155.9010280551548
155.9010280551548
157.0507470551674
157.0507470551674
157.0507470551674
157.0507470551674
155.86055644220406
155.86055644220406
155.86055644220406
158.42718578460384
155.1045325486173
155.10453254862773
155.1045325486173
155.10453258475434
154.90593915716053
154.90593915716053
154.90593915716053
154.90593915716053
153.8772881374141
153.8772881374141
153.8772881374141
153.87728849983583
152.90709823673737
152.90709823673737
152.90709823673737
152.90709823673737
154.0263134945827
154.0263134945827
154.0263134945827
154.0263134945827
153.90230504464077
153.90230509383278
153.90230504464077
153.90230504464097
156.01797518041946
156.01797518055454
156.01797518041946
156.01797518041946
157.0161566320769
157.0170716373093
157.0161566320769
157.01615663207693
156.2964145462162
156.2964145462314
156.2964145462162
156.2964177658616
156.86348953587617
156.86358108293106
156.86348953587617
156.86349644223904
156.18145374893206
156.18145374918828
156.18145374893206
157.46476046938517
155.53044509166696
155.53044509168652
155.53044509166696
155.53044509302276
154.90848449430248
154.91051649110685
154.90848449430248
155.7121035589059
156.51335431205263
156.51335431205396
156.51335431205263
167.74344984135192
155.85421082867907
155.85421083041757
155.85421082867907
155.8542108298516
155.60337544785057
155.60337544785057
155.60337544785057
155.60598540278977
154.96737614267957
154.96737614267957
154.96737614267957
154.96737614268375
155.12445419386418
155.1244544257991
155.12445419386418
155.30806142988632
154.51541215312383
154.51541215312383
154.51541215312383
158.56220914645
153.93021549362308
153.93021549362308
153.93021549362308
155.18237969156692
153.2895438821299
153.2895438821299
153.2895438821299
153.28954426459725
153.42810058091837
153.42810058091837
153.42810058091837
153.75537448930686
152.8647776197139
152.8647776197139
152.8647776197139
152.86477789356778
153.52604578270012
153.52604578270012
153.52604578270012
173.84725780329396
154.93411454737375
154.93411454737392
154.93411454737375
154.93411496539528
154.92786206356217
154.92786206356217
154.92786206356217
167.1570577467333
154.37709785562433
154.37709785562433
154.37709785562433
154.38024367320335
154.79160326293334
154.79160326293334
154.79160326293334
154.92363184458648
154.26149653238411
154.26149653238411
154.26149653238411
154.29536658573807
154.53439747113038
154.53439747113038
154.53439747113038
154.53545934229413
155.36387552180548
155.36387552180548
155.36387552180548
155.36474810931455
154.84995676977516
154.84995676977516
154.84995676977516
154.85193368377602
154.35201976854304
154.35201976854304
154.35201976854304
154.35202051186718
154.3060694876999
154.3060694876999
154.3060694876999
161.4762539286235
153.88543798879593
153.8854380421999
153.88543798879593
153.88543830021803
153.44405583430407
153.44405583430407
153.44405583430407
153.44530208892894
153.01561509895708
153.01561509895708
153.01561509895708
153.01561529416563
153.154464607911
153.15446460791222
153.154464607911
154.4818477072669
152.74232682414458
152.74232682414458
152.74232682414458
161.7234982399629
152.34176203000155
152.34176203000155
152.34176203000155
153.5599399157617
153.42809458122622
153.50760113297187
153.42809458122622
153.43803599039498
153.00756054900754
153.00756054900754
153.00756054900754
153.68025815212818
153.31699249652638
153.31741072486435
153.31699249652638
153.31703800206085
152.90179690797547
152.90179690797547
152.90179690797547
152.90269259359377
153.81878444694712
153.81878444694712
153.81878444694712
156.5686956888301
153.91117901867727
153.91117901867727
153.91117901867727
153.91117901950633
153.48368650489635
153.48368650489635
153.48368650489635
153.48368652576414
153.64452823975475
153.64452823975475
153.64452823975475
153.64541410602862
153.72286018211432
153.72286018211432
153.72286018211432
153.7929774788577
153.32321491211914
153.32321491211914
153.32321491211914
153.34447782030708
152.93329962381443
152.93329962381443
152.93329962381443
152.93507444991585
152.88535820296394
152.88535820296394
152.88535820296394
154.6383242355775
152.56670457773043
152.5667045777491
152.56670457773043
152.5667114210986
153.0503266015508
153.05032661381964
153.0503266015508
153.0636403603941
152.73694116666752
152.73694116667593
152.73694116666752
152.7369468251226
152.46262023774466
152.4626202410807
152.46262023774466
152.4626309411455
152.90391857244137
152.90391857244137
152.90391857244137
155.80404746398227
152.52491040674337
152.52491040674337
152.52491040674337
152.52537547088147
152.187214108881
152.187214108881
152.187214108881
162.68548415585065
151.91708633720788
151.91710478566313
151.91708633720788
151.92338186943016
151.65260636263062
151.65262224492892
151.65260636263062
151.65262118373488
151.3378645787159
151.3378645787159
151.3378645787159
151.33786478159843
151.02978422167618
151.02978422167618
151.02978422167618
152.99031394351883
151.38196505154096
151.38202379520368
151.38196505154096
151.40222829803568
151.3358123390643
151.3358123390643
151.3358123390643
156.23713191364928
151.89239516299995
151.89239516299995
151.89239516299995
153.46731491103492
151.58990903901528
151.58990903901528
151.58990903901528
159.69187572900046
151.2934883668357
151.2934883668357
151.2934883668357
153.14877973116668
151.01588414473375
151.01588414473375
151.01588414473375
147.97763301658364
145.05669332227768
142.26603899216929
0.0
0.0
127.84330907403067
127.84330907403067
127.84330907403067
127.84330907403067
146.28136739119944
146.28136739119944
146.28136739119944
146.28136739119944
139.9372429955772
139.9372429955772
139.9372429955772
139.9372429955772
152.1633833341741
152.16346931706053
152.1633833341741
152.16434365506845
151.10022060046225
151.10022060046225
151.10022060046225
151.10022060051958
148.75690025222093
148.75690025222093
148.75690025222093
148.756900252221
144.76753613522123
144.76753613522123
144.76753613522123
145.87928068870386
141.7122786492548
141.7122786492548
141.7122786492548
141.71227864925606
139.3360578441206
139.3360578441206
139.3360578441206
139.33605784412165
137.43508120265628
137.43508120265628
137.43508120265628
119.30159907596489
106.24196268889295
95.54599342118902
0.0
0.0
130.04252907348933
130.04252907348933
130.04252907348933
130.04252907348933
125.49165966729743
125.49165966729743
125.49165966729743
125.49165966729743
140.32136071119098
140.32136071119098
140.32136071119098
140.32136071119098
135.47647692832786
135.47647692832786
135.47647692832786
135.47647692832786
149.64128002528088
149.64128002528088
149.64128002528088
149.64128002528088
144.85840204642835
144.85840204642835
144.85840204642835
144.85840204642835
141.4415645947443
141.4415645947443
141.4415645947443
141.4415645947443
144.16692623506083
144.16692623506083
144.16692623506083
144.16692623506083
141.8373947883639
141.8373947883639
141.8373947883639
141.8373947883639
140.9021904107155
140.90219041071978
140.9021904107155
136.34019000595845
128.98806136396772
126.02160688700951
0.0
0.0
151.644596907879
151.644596907879
151.644596907879
151.644596907879
174.3443392471125
174.3443392471125
174.3443392471125
174.3443392471125
181.32590222790637
181.32590222790637
181.32590222790637
181.32590222790637
171.81477924352473
171.81477924352473
171.81477924352473
171.81477924352473
162.38660449982723
162.38660449982723
162.38660449982723
162.38660449982723
155.72360926213878
155.72360926213878
155.72360926213878
155.72360926213878
153.08060685233616
153.08060685233616
153.08060685233616
153.08060685233616
159.96442181310417
159.96442181310417
159.96442181310417
159.96442181310417
161.2274813599221
161.2274813599221
161.2274813599221
161.2274813599221
160.336964158978
160.336964158978
160.336964158978
160.336964158978
160.336964158978
160.336964158978
0.0
0.0
130.02528786337857
130.02528786337857
130.02528786337857
102.2322488530081
87.03051654592234
83.81496950027557
0.0
0.0
0.0
150.04029887033118
150.04029887033118
150.04029887033118
150.04029887033118
135.52027281300937
135.52027281300937
135.52027281300937
135.52027281300937
130.6801291649006
130.6801291649006
130.6801291649006
130.6801291649006
130.3136601604805
130.3136601604805
130.3136601604805
130.3136601604805
141.55549099209435
141.55549099209435
141.55549099209435
141.55549099209588
139.49423204227045
139.4996746623224
139.49423204227045
139.4949100410299
138.02133569906826
138.02133569906826
138.02133569906826
138.02133569906826
136.91666343953955
136.91666343953955
136.91666343953955
136.91666345727543
139.9105351762983
139.9141835430067
139.9105351762983
139.91119909828546
143.06403498501453
143.0640349851574
0.0
0.0
225.4030646621558
225.4030646621558
0.0
0.0
223.44005075480453
223.44005075480453
223.44005075480453
223.44005075480453
176.7373791762513
176.7373791762513
176.7373791762513
176.7373791762513
173.5654342550831
173.5654342550831
173.5654342550831
173.5654342550831
160.83921928175616
160.83921928175616
160.83921928175616
160.83921928175616
154.39067975869867
154.39067975869867
154.39067975869867
154.39067975869867
150.09124065952136
150.09124065952136
150.09124065952136
150.09124065952136
150.26959184130465
150.26959184130465
150.26959184130465
150.26959184130465
147.0036807841715
147.0036807841715
147.0036807841715
147.0036807841715
156.19633419493726
156.19633419493726
156.19633419493726
156.19633419493726
153.4778627374711
153.4778627374711
0.0
0.0
123.32912983483101
123.32912983483101
123.32912983483101
122.76519043639695
113.93336334584941
119.8441191421723
121.3633632324913
121.3633632324913
123.73102899636112
123.73102899636112
0.0
0.0
130.04490316944185
130.04490316944185
130.04490316944185
130.04490316944185
140.51935844462167
140.51935844462167
140.51935844462167
140.51935844462167
159.23545541109036
159.23545541109036
159.23545541109036
162.737523975424
160.96533269775685
160.96533269775685
160.96533269775685
160.96533910702777
159.13979894507088
159.13979894507088
159.13979894507088
159.13979894507088
154.2843970096554
154.2843970096554
154.2843970096554
154.2843970096554
156.04069871558931
156.04069871560154
156.04069871558931
156.04069871558931
152.10975705180428
152.10975705180428
152.10975705180428
152.10975705180428
149.12832892078038
149.12832892078038
149.12832892078038
149.12832892078038
146.48385654976101
146.48385654976101
146.48385654976101
128.92468055713417
115.61177594693318
104.83633759661514
0.0
0.0
130.01872254517585
130.01872254517585
130.01872254517585
130.01872254517585
139.52940576030147
139.52940576030147
139.52940576030147
139.52940576030147
133.07200134239017
133.07200134239017
133.07200134239017
133.07200134239017
129.83628782346943
129.83628782346943
129.83628782346943
129.83628782346943
149.986373460768
149.986373460768
149.986373460768
149.986373460768
145.13594927710807
145.13594927710807
145.13594927710807
145.13594927710807
141.67076653509702
141.67076653509702
141.67076653509702
141.67076653509702
139.44947302907343
139.44947302907343
139.44947302907343
139.44947302907343
137.7214224282452
137.7214224282452
137.7214224282452
137.7214224282452
139.76569561956532
139.76569561956532
139.76569561956532
119.4260342455175
115.1992551846018
113.01782273868069
0.0
0.0
120.5739784492577
120.5739784492577
120.5739784492577
120.5739784492577
140.29455955553593
140.29455955553593
140.29455955553593
140.29455955553593
134.29677315746883
134.29677315746883
134.29677315746883
134.29677315746883
154.16962251919108
154.16962251919108
154.16962251919108
154.16962251919108
169.75794971821932
169.75794971821932
169.75794971821932
169.75794971821932
168.5778757809064
168.5778757809064
168.5778757809064
168.5778757809064
162.99661079510798
162.99661079510798
162.99661079510798
162.99661079510798
160.93212847506754
160.93212847506754
160.93212847506754
160.93212847506754
157.8275647829069
157.8275647829069
157.8275647829069
157.8275647829069
164.89407962008812
164.89407962008812
164.89407962008812
140.5320355127268
122.51398937376884
108.50194844954613
0.0
0.0
127.48896202196671
127.48896202196671
127.48896202196671
105.45447800368039
91.35288880118469
86.47614965655627
0.0
0.0
0.0
213.82731447338006
213.82731447338006
213.82731447338006
213.82731447338006
208.96134022666388
208.96134022666388
208.96134022666388
208.96134022666388
181.8024722191625
181.8024722191625
181.8024722191625
181.8024722191625
173.24195547119115
173.24195547119115
173.24195547119115
173.24195547119115
174.93928420411197
174.93928420411197
174.93928420411197
174.93928420411197
167.0735239446924
167.0735239446924
167.0735239446924
167.0735239446924
161.45437492233322
161.45437492233322
161.45437492233322
161.45437492233322
161.5700406398321
161.5700406398321
161.5700406398321
161.5700406398321
157.8113654205622
157.8113654205622
157.8113654205622
157.8113654205622
154.80417695289296
154.80417695289296
154.80417695289296
154.80417695289296
152.41560349646798
152.41560349646798
152.41560349646798
152.41560349646798
149.8660676554334
149.8660676554334
149.8660676554334
149.8660676554334
148.11015315907886
148.11015315907886
148.11015315907886
148.11015315907886
152.16685980324488
152.16685980324488
152.16685980324488
152.16685980324488
150.91393806997374
150.91393806997374
150.91393806997374
150.91393806997374
150.22724215820338
150.22724215820338
150.22724215820338
150.22724215820338
154.15994130910107
154.15994130910107
154.15994130910107
154.15994130910107
152.50142262945886
152.50142262945886
152.50142262945886
152.50142262945886
151.0120778100698
151.0120778100698
151.0120778100698
151.0120778100698
154.97597277829956
154.97597277829956
154.97597277829956
154.97597277829956
153.56696732533658
153.56696732533658
153.56696732533658
153.56696732533658
152.28573887012058
152.28573887012058
152.28573887012058
152.28573887012058
151.19834196479246
151.19834196479246
151.19834196479246
151.19834196479246
150.20103955600925
150.20103955600925
150.20103955600925
150.20103955600925
149.2835214378762
149.2835214378762
149.2835214378762
149.2835214378762
148.43658163652697
148.43658163652697
148.43658163652697
148.43658163652697
148.19117913772737
148.19117913772737
148.19117913772737
148.19117913772737
147.31159653950905
147.31159653950905
147.31159653950905
147.31159653950905
146.7077979324815
146.7077979324815
146.7077979324815
146.7077979324815
147.97459922834986
147.97459922834986
147.97459922834986
147.97459922834986
150.73093862474232
150.73093862474232
150.73093862474232
150.73093862474232
150.00628961645094
150.00628961645094
150.00628961645094
150.00628961645094
151.38331083609563
151.38331083609563
151.38331083609563
151.38331083609563
150.8989096220233
150.8989096220233
150.8989096220233
150.8989096220233
152.98437208231556
152.98437208231556
152.98437208231556
152.98437208231556
153.59179909751467
153.59179909751467
153.59179909751467
153.59179909751467
155.64516751727547
155.64516751727547
155.64516751727547
155.64516751727547
154.73420461364586
154.73420461364586
154.73420461364586
154.73420461364586
154.05372219230367
154.05372219230367
154.05372219230367
154.05372219230367
153.9164490414539
153.91644904145397
153.9164490414539
153.9164490414539
154.64342300767603
154.64342300767706
154.64342300767603
154.64342300767603
154.92196222995253
154.92196222995253
154.92196222995253
154.92196222995253
154.3785482971935
154.3785482971935
154.3785482971935
154.3785482971935
153.65327135731835
153.65327135731835
153.65327135731835
153.65327135731835
154.98815099374053
154.98815099374053
154.98815099374053
154.98815099374053
154.37070707335587
154.37070707335587
154.37070707335587
154.37070707335587
153.77898612772768
153.77898612772768
153.77898612772768
153.77898612772768
154.0356297551547
154.0356297551547
154.0356297551547
154.0356297551547
153.47488477765032
153.47488477765032
153.47488477765032
153.47488477765032
154.76979103618868
154.76979103618868
154.76979103618868
154.76979103618868
156.16728245592125
156.16728245592125
156.16728245592125
156.16728245592125
155.50649997970675
155.50649997970675
155.50649997970675
155.50649997970675
154.87046748867678
154.87046748867678
154.87046748867678
154.8704674886768
155.1109942595505
155.1109942595505
155.1109942595505
155.1109942595505
154.60221402216735
154.60221402216735
154.60221402216735
154.60221402216735
155.71698877781358
155.71698877781358
155.71698877781358
155.71698877781358
156.77473678212777
156.77473678212777
156.77473678212777
156.77473678212777
156.28755634548628
156.28755634548628
156.28755634548628
156.28755634548628
156.89859304844126
156.89859304844126
156.89859304844126
156.89859304844126
157.0574100728091
157.0574100728091
157.0574100728091
157.0574100728091
156.49038648548031
156.49038648548031
156.49038648548031
156.49038648548031
155.94125555410412
155.94125555410412
155.94125555410412
155.94125555410457
155.8028466900829
155.8028466900829
155.8028466900829
155.8028466900829
155.4011950442398
155.4011950442398
155.4011950442398
155.4011950442398
155.05562513388304
155.05562513388304
155.05562513388304
155.05562513388304
155.4619233886873
155.4619233886873
155.4619233886873
155.46192338869224
155.12886595526984
155.12886595526984
155.12886595526984
155.12886595526984
154.72204794164824
154.72204794164824
154.72204794164824
154.72204794164824
154.5017437126455
154.5017437126455
154.5017437126455
154.5017437126455
154.0478921311859
154.0478921311859
154.0478921311859
154.0478921311859
154.7592885973869
154.7592885973869
154.7592885973869
154.7592885973869
154.38375162557637
154.38375162557637
154.38375162557637
154.38375162557637
154.12728110708173
154.12728110708173
154.12728110708173
154.12728110708173
153.76606020224176
153.76606020224176
153.76606020224176
153.76606020224176
153.41409570975264
153.4140957097527
153.41409570975264
153.41409570975264
153.12014827672263
153.12014827672263
153.12014827672263
153.12014827672263
152.9199507152674
152.9199507152674
152.9199507152674
152.9199507152674
152.72174482161992
152.72174482161992
152.72174482161992
152.72174482161992
152.3094135966508
152.3094135966508
152.3094135966508
152.3094135966508
151.89505174957705
151.89505174957705
151.89505174957705
151.89505174957705
151.52791141923132
151.52791141923132
151.52791141923132
151.52791141923132
151.1341882405398
151.1341882405398
151.1341882405398
151.1341882405398
151.51478341285815
151.51478341285815
151.51478341285815
151.51478341287398
151.92107868974423
151.92107868974423
151.92107868974423
151.92107868974423
151.65043587237136
151.65043587237136
151.65043587237136
151.65043587237136
151.9566333268497
151.95663332745426
151.9566333268497
151.9566333268497
152.49502098618822
152.49502098618822
152.49502098618822
152.49502104321357
152.15364329700148
152.15364329700148
152.15364329700148
152.15364329700168
151.81985964637573
151.81985964637573
151.81985964637573
151.8992810238516
151.8926877609425
151.8926877609425
151.8926877609425
151.8926881812303
151.76929549509444
151.76929549509444
151.76929549509444
151.76929549512005
152.61752839313021
152.61769850400273
152.61752839313021
152.6175283931772
153.49591553567015
153.49591553567015
153.49591553567015
153.49591553567024
153.5667547209908
153.56681610247182
153.5667547209908
153.5667547209908
153.943999944001
153.943999944001
153.943999944001
153.9558198070655
153.82353052536595
153.82353052536595
153.82353052536595
153.82353052536595
153.86817888284193
153.86817888284193
153.86817888284193
153.86817888284193
153.5578376946789
153.5578376946789
153.5578376946789
153.55783769467982
153.25350077344046
153.25350077344046
153.25350077344046
153.25350077344046
152.95523743841503
152.95523743841503
152.95523743841503
149.8299083378102
146.84168788267257
143.96659848887194
142.54025252203144
139.73224661745647
138.42619077552308
138.11054607526958
137.73182230439681
137.4988208764713
136.87300761484306
136.5990414905994
136.2553020212449
135.99774726569737
135.35520372057843
135.12422271634637
134.81490723406367
134.69365967407822
134.24179601533976
134.0630199719012
133.78495093956747
133.70851948459756
133.31060048406033
133.14317935377872
132.88041495466874
132.72536314726332
132.2558373675165
132.11691322568538
131.87800672006978
131.8069258334335
131.40233250683048
131.31777178627237
131.11625012362353
131.0523073125547
130.7405607539801
130.7053990818667
130.52661306188813
130.4231864114114
130.10677846954138
130.06488531348228
138.9332702769674
121.01457225598517
108.42847208921344
98.61747745098981
145.16704632883176
131.97567611501267
121.37250184409565
113.13304421964499
109.55153874745929
110.17101915946968
108.89689814742707
110.46921753085063
110.12468540070059
111.28076501867918
116.93541971882124
117.90300789933994
117.227889927551
123.3730825687696
124.3234283028449
123.97106610250177
123.14218966547126
125.1693177509259
125.09189661213378
127.09551300801554
126.90871372577894
126.99064530178698
126.17057953205199
125.90475812688977
125.28342280200606
127.07007834635924
127.22683527892421
127.05201600594167
126.525694059858
126.5461788900522
125.97073513738074
125.80372661194112
125.32322592341527
125.17872245143863
124.27427147785491
125.18089610241866
125.0637704481378
125.8165595345823
125.69576156631209
125.64409716685809
160.23732647629262
136.0256122920015
118.03062645926317
104.28456305347014
132.51694363476201
116.54997632584855
104.16000096434179
94.28265994500038
160.84341433806725
157.51005883050075
154.31413691899158
151.308909039464
149.81534607525987
146.77216341546273
145.22882164776837
145.01326894753038
144.89741483753895
144.70817360398487
144.3556368925172
143.78190734076483
147.67610195721784
124.64064605115585
106.94672899334508
93.19963487103207
162.4109084574638
156.86563603094893
149.8532785593907
146.16370865708907
152.58958978638952
152.27996061198508
152.06670485880892
151.63690953886635
151.16974997179727
150.747262489531
149.9379101819703
149.55990443600137
149.14806291271861
148.6642749130807
147.84718777466958
147.4878101842952
147.09699387252945
146.6676706587336
145.91261638210065
145.6313813799778
145.29004003015174
144.97949089111597
144.28980292998767
143.93286487349022
143.5736137593768
143.2941018436399
142.75888549061364
142.45269182467135
142.11612052274398
141.81497966491045
141.16182626242255
140.97721781056586
140.71973808790776
140.4628449830281
139.8717233665143
139.62418245279102
139.34424410308043
139.20524226718246
138.78154138059705
138.65124125098401
138.42897598236604
138.2595939557841
137.8685441837299
137.7648083935819
128.37138712006634
129.19308375681692
129.499814031356
0.0
123.21192877221175
123.21192877221175
123.21192877221175
123.21192877221175
123.21192877221175
123.21192877221175
123.21192877221175
123.21192877221175
123.21192877221175
123.21192877221175
123.21192877221175
123.21192877221175
123.21192877221175
123.21192877221175
123.21192877221175
123.21192877221175
123.21192877221175
123.21192877221175
123.21192877221175
123.21192877221175
123.21192877221175
123.21192877221175
123.21192877221175
123.21192877221175
123.21192877221175
123.21192877221175
123.21192877221175
123.21192877221175
123.21192877221175
123.21192877221175
123.21192877221175
123.21192877221175
123.21192877221175
123.21192877221175
123.21192877221175
123.21192877221175
123.21192877221175
123.21192877221175
123.21192877221175
123.21192877221175
123.21192877221175
123.21192877221175
123.21192877221175
123.21192877221175
123.21192877221175
123.21192877221175
123.21192877221175
123.21192877221175
123.21192877221175
123.21192877221175
123.21192877221175
123.21192877221175
123.21192877221175
123.21192877221175
123.21192877221175
123.21192877221175
123.21192877221175
123.21192877221175
123.21192877221175
123.21192877221175
123.21192877221175
123.21192877221175
123.21192877221175
123.21192877221175
123.21192877221175
123.21192877221175
123.21192877221175
123.21192877221175
123.21192877221175
123.21192877221175
123.21192877221175
123.21192877221175
123.21192877221175
123.21192877221175
123.21192877221175
123.21192877221175
123.21192877221175
123.21192877221175
123.21192877221175
123.21192877221175
123.21192877221175
123.21192877221175
123.21192877221175
123.21192877221175
0.0
0.0
0.0
0.0
0.0
0.0
0.0
0.0
0.0
0.0
0.0
0.0
0.0
0.0
0.0
0.0
0.0
0.0
0.0
0.0
0.0
0.0
0.0
0.0
0.0
0.0
0.0
0.0
0.0
0.0
0.0
0.0
0.0
0.0
0.0
0.0
0.0
0.0
0.0
0.0
0.0
0.0
0.0
0.0
0.0
0.0
0.0
0.0
159.74219793460236
154.08750108508568
146.31816069744985
143.60033278516508
0.0
0.0
0.0
0.0
0.0
0.0
0.0
0.0
0.0
0.0
0.0
0.0
0.0
0.0
0.0
0.0
0.0
0.0
0.0
0.0
0.0
0.0
0.0
0.0
0.0
0.0
0.0
0.0
0.0
0.0
0.0
0.0
0.0
0.0
0.0
0.0
0.0
0.0
0.0
0.0
0.0
0.0
0.0
0.0
0.0
0.0
0.0
0.0
0.0
0.0
0.0
0.0
0.0
0.0
0.0
0.0
0.0
0.0
0.0
0.0
0.0
0.0
0.0
0.0
0.0
0.0
0.0
0.0
0.0
0.0
0.0
0.0
0.0
0.0
0.0
0.0
0.0
0.0
0.0
0.0
0.0
143.55793084868282
132.6856688548647
129.78706163599892
0.0
0.0
143.55793084868282
132.6856688548647
129.78706163599892
0.0
143.55793084868282
132.6856688548647
129.78706163599892
0.0
122.83502443756811
112.53660475732913
115.89608964294068
