0.0
0.0
0.0
139.13553079112103
145.06104710326917
155.4362595575242
155.65151483635103
170.6007633230886
173.5627710159465
160.50794455011152
173.13880227617418
150.32404801409413
165.0201960959551
152.0147958451288
159.68275696250652
146.94793421431132
167.88041983903523
152.35043608987382
160.78890537746335
157.81586396770032
169.8399815371431
162.62387176247893
160.11294983939246
150.68344447471065
154.32020970173485
154.70593008338582
163.87627415778906
154.79506865563886
153.15620927561477
162.14119224164943
158.4959349980222
150.06615647265585
165.38598365252133
164.4551353637369
158.98574707465457
146.4864296219214
154.5208233380083
158.5527492510143
158.37843271098106
152.01438906284847
161.6444938980627
149.70346231322566
158.20672289123908
