0.0
0.0
0.0
126.68551219653153
142.30702427223667
134.8781800084143
164.96299257038834
168.6626455295156
159.44696080881724
156.00551190040738
168.61933209526637
146.31799854445765
164.21328139983845
148.56748247969517
169.92876047178856
143.97591615512337
163.06297575243354
148.50682913671554
170.1273545082855
144.96582320194844
162.2845620042879
149.30145388433198
167.01426475086035
144.0129525480114
173.26166325088815
148.5901754396911
165.3527355163117
144.39985367185432
172.0102067607541
149.20088245390258
168.12380797452946
143.81325572921136
164.19237026118338
149.4190267964236
167.72426605208744
143.43640639876745
169.9958137022632
148.84512039298224
168.25709166115942
143.94165336862244
165.94248674302773
148.19045030779066
168.48821988853382
