0.0
0.0
198.48814807249198
204.98551015002164
221.7006244503783
192.72861144727156
129.20537397041088
194.57297045338458
200.08576344579762
152.52669359398314
158.39884028804644
173.41247277574394
194.84229441959639
170.6719783876411
206.83656608047542
181.49778144979837
193.06893220953646
180.382669707842
208.5602680455353
178.3600968342422
101.93579712393661
183.82005599273634
208.64513339126827
178.30474817483585
101.71502355160199
183.84260383212182
208.6515912975637
178.28326750419978
101.63974792123678
183.8505145042218
208.64883963114593
178.27163002892718
101.60114045298697
183.85418659687704
208.6439243976139
178.26419078710526
101.57763551579698
183.8560678561926
208.63812065241044
178.2589609004399
101.56186336890754
183.85705494178998
208.63182070965084
178.2550561059811
101.55058275478815
183.85755146118956
208.6252414762888
178.25201825740322
101.54213838257432
139.47453041138695
154.23461474175943
163.5020052238061
189.40333853699738
164.49180168354204
200.72826048421868
181.14615877452917
192.57493279484513
179.85065116298512
206.38366913427976
178.25900026431842
101.92632509832697
183.82058437338998
206.5078532138378
178.23102949009873
101.711586084881
183.84375615757816
206.51115484676924
178.22169136574178
101.63797280099834
183.8518319918405
206.51191126877325
178.21712697381034
101.60006024460243
183.85554353906844
206.5136361171633
178.21445262154893
101.57691029612768
183.85742021349344
206.5156141396711
178.21273013581487
101.56134310984572
183.85838595399946
206.51729089019452
178.21156137924146
101.55019118906009
183.85885505424883
206.5184496017891
178.2107450097664
101.54183275212834
179.80327676785728
164.97357935693688
152.35224795035438
144.7915156303522
101.65500918085769
101.67302604963554
124.15369996678092
103.92619118572645
142.77770674592912
95.05680200301583
99.74478188100578
112.46902017101294
141.95817545866265
105.00724140503849
95.54519967062353
115.11345680768528
98.5700047815101
145.88383504469886
103.18540859464855
104.52903265350685
170.87465225405933
131.2396740115663
116.24901400992843
102.4742372825287
176.3228980628351
162.09537750993468
102.84228518695849
97.64499635042759
170.40962245453244
160.1387490209765
102.27964934510707
106.24464148522517
172.1074856077201
153.40555405696068
101.36548663926432
101.95261484121727
157.39997146392892
143.88643199189093
99.39094620796772
111.49096672770537
177.07298370305162
163.68648570027145
170.039604009078
200.83017024052882
170.2547572264881
200.9090770034407
181.40876865689592
193.04811074179867
180.3356958453437
207.41311924563544
178.3989806495588
101.9270590797353
183.8213510252733
207.61933413926158
178.34569292098587
101.71198277140468
183.84447287088005
207.64179576289996
178.32552887127284
101.63825379615065
183.852692600921
207.6436951859439
178.3141472481882
101.6002774729956
183.85652060883524
207.63988178168975
178.30640715324128
101.57708635679764
183.85848044947457
207.63378239690257
178.30061839392533
101.5614903498038
183.85950524203218
207.6265703920517
178.2960499314909
101.5503171816148
183.86001690852572
207.61879905701824
178.29232082159535
101.54194248839408
183.86023045362123
148.40934862902114
177.7319539188581
129.84992016386295
207.69121900307778
213.155548844794
120.21677350720302
109.74024436560927
196.77866267373776
192.65375945199682
109.37494907678283
157.15829683995037
197.52354598239998
172.2654733205457
113.09651887282097
185.34226200851856
174.11719980574966
165.84326846384934
120.80937380106982
185.36356671845732
162.6444044057263
163.70600251089388
143.42975434167718
164.55501985930556
187.39025826413854
161.34047056453093
131.79816646279292
152.49183745217235
178.97716537566188
164.89758223987474
132.55071486338247
134.38397046099675
157.12443245874042
188.71106825409683
129.3641433194913
120.23849559128821
146.79219901194702
183.77605169063406
114.89349165237346
129.19598929485207
