0.0
0.0
136.68045895780895
136.68045895780895
136.68045895780895
136.68045895780895
131.94918858474296
136.67573241397525
131.94918858474296
131.94918858474296
152.2133233008603
164.7047801170819
152.2133233008603
152.2133233008603
146.637528369439
164.69536241440713
146.637528369439
146.637528369439
164.69352803648832
164.69352803648832
141.36594620349894
141.36594620349894
149.89484119438495
149.89484119438495
137.85189376224554
137.85189376224554
138.9623283487633
148.82788781839255
138.96232840142443
138.96232840142443
142.4409434272047
152.4201569575378
142.4409434954708
142.4409434954708
151.945664662697
152.4214804091923
151.945664662697
151.945664662697
155.23953767470294
152.42193888708852
155.23834582143698
155.23834582143698
152.42149867522105
152.42149867522105
152.07684706070836
152.07684706070836
147.09373074772805
147.09373074772805
149.44128854303378
149.44128854303378
148.14735017883584
147.09358060379293
148.14735017883584
148.14735017883584
144.6335163068608
147.09338231283007
146.34245417580055
146.34245417580055
146.0530570565437
146.37710234386714
146.0530570565437
146.0530570565437
148.51047491388684
151.28409983780716
148.51047491388684
148.51047491388684
145.87559951075832
149.43509472723858
147.69199253464726
147.69199253464726
147.1348767922564
149.43520103934165
149.06021246750532
149.06021246750532
146.53734833189506
146.53734833189506
147.555488358768
147.555488358768
144.50775190985954
146.53726978040004
146.43223125025415
146.43223125025415
143.50215190543545
146.53719273915172
140.38193803700722
140.38193803700722
142.5880163542325
144.42438617813048
139.60539484227633
139.60539484227633
141.0581251846631
144.42450792272638
141.0581251846631
141.0581251846631
142.14437002955546
147.39431888944986
142.14437002955546
142.14437002955546
147.394266089376
147.394266089376
141.4416326897124
141.4416326897124
145.34742313538734
145.34742313538734
140.669239328937
140.669239328937
140.19579498937657
145.3473902992288
140.19579498937657
140.19579498937657
142.7027065631168
151.8292267301429
142.7027065631168
142.7027065631168
143.76735347182668
154.26837832313723
143.76735347182668
143.76735347182668
143.23743996013016
152.70270885670212
143.23743996013016
143.23743996013016
142.7411734758524
151.31994663414594
142.7411734758524
142.7411734758524
145.5416418777595
151.3199133940287
142.11443053734388
142.11443053734388
144.88945477745753
151.31988403348979
141.42910386347768
141.42910386347768
140.96560698730846
151.31985926753467
140.96560698730846
140.96560698730846
142.8378544638005
151.31995930689797
142.8378544638005
142.8378544638005
129.30887070181703
151.3199315598887
142.31856655551232
142.31856655551232
129.1759854877338
149.8227229425701
141.8268348241915
141.8268348241915
143.5445678164445
149.82280962713423
143.5445678164445
143.5445678164445
129.489209663033
149.82278143409317
142.98589730585033
142.98589730585033
142.56413303563141
149.82276014998004
142.56413303563141
142.56413303563141
143.33049424873263
149.82279882399274
143.33049424873263
143.33049424873263
143.46304908015463
150.1844799900569
143.46304908015463
143.46304908015463
143.90891398045937
150.1845013017716
143.90891398045937
143.90891398045937
129.73719772776678
150.18449784708358
143.8366532326973
143.8366532326973
150.18447292540043
150.18447292540043
143.31537587595375
143.31537587595375
129.62705455767937
150.4861754032963
143.42879998673664
143.42879998673664
143.05529134019937
150.48615843918387
143.05529134019937
143.05529134019937
142.69723708905235
149.35089556390247
142.69723708905235
142.69723708905235
142.3685875775835
149.35088134785536
142.3685875775835
142.3685875775835
143.72515387960257
149.35094002724466
143.72515387960257
143.72515387960257
144.26802477905335
149.35096350957434
144.26802477905335
144.26802477905335
143.9354794899148
148.3845533659396
143.9354794899148
143.9354794899148
144.57805442195783
148.38457988336492
144.57805442195783
144.57805442195783
129.9773604892784
148.95497615953875
144.72630688918912
144.72630688918912
129.86979450495488
147.85959924808225
144.3279999565165
144.3279999565165
145.19718692072632
147.8596321462047
145.19718692072632
145.19718692072632
130.1601847770492
147.8596399470485
145.40309572616673
145.40309572616673
130.13949764388195
147.79873386029783
145.32649348971142
145.32649348971142
130.3503411671576
147.79876222870246
146.10722445394967
146.10722445394967
146.57134228344356
147.79877909272997
146.57134228344356
146.57134228344356
146.220303950827
147.79876633752963
146.220303950827
146.220303950827
145.88039561314193
147.79875398670424
145.88039561314193
145.88039561314193
146.20820825344197
149.02592909420733
146.20820825344197
146.20820825344197
145.90998681106177
149.0259186749221
145.90998681106177
145.90998681106177
146.4575575357376
149.02593780611107
146.4575575357376
146.4575575357376
146.65042013218832
149.02594449380442
146.65042013218832
146.65042013218832
130.46039141573021
148.76659897898512
146.51617464350875
146.51617464350875
146.22711899639373
148.7665892538558
146.22711899639373
146.22711899639373
130.28696833089418
148.76657737369374
145.87400894167794
145.87400894167794
130.33385402140183
149.47508566053548
146.04762125159132
146.04762125159132
130.45416604749724
151.01895191897603
146.49312282221135
146.49312282221135
147.0569686854646
151.01896958097223
147.0569686854646
147.0569686854646
130.51544094431807
150.05814707605077
146.7200167052188
146.7200167052188
130.46111370727863
150.05814098459211
146.51884920589208
146.51884920589208
149.10572822338628
149.10572822338628
146.18108632583701
146.18108632583701
130.5034963891531
150.7651495988507
146.67578739366064
146.67578739366064
149.84912143249892
149.84912143249892
146.34478841392212
146.34478841392212
148.98607009449782
148.98607009449782
146.0219741179982
146.0219741179982
148.1723357607406
148.1723357607406
145.70733278194385
145.70733278194385
147.40322266406176
147.40322266406176
145.40035577921248
145.40035577921248
146.6756829777695
146.6756829777695
145.100958781704
145.100958781704
130.0018466941636
146.6756760366117
144.81823637177254
144.81823637177254
146.67566871251694
146.67566871251694
144.5199270839145
144.5199270839145
145.18415733346563
146.6756850204291
145.18415733346563
145.18415733346563
145.27872094869326
147.08777970451416
145.27872094869326
145.27872094869326
145.06027783827582
147.08777448256058
145.06027783827582
145.06027783827582
145.46875931560243
147.08778424742616
145.46875931560243
145.46875931560243
145.24907431901428
147.08777899574952
145.24907431901428
145.24907431901428
145.05581350892774
146.63648779638726
145.05581350892774
145.05581350892774
144.84545625060878
146.14495681579612
144.84545625060878
144.84545625060878
144.63963409266069
145.67714707739566
144.63963409266069
144.63963409266069
145.10707466069883
147.1432133607578
145.10707466069883
145.10707466069883
144.90282752614925
146.67383933245588
144.90282752614925
144.90282752614925
146.67383405124735
146.67383405124735
144.6528377745777
144.6528377745777
144.78823123630593
146.67383691162505
144.78823123630593
144.78823123630593
144.5920820939019
146.22122537986476
144.5920820939019
144.5920820939019
130.71697079509616
146.22122776912946
155.4602090753299
155.4602090753299
156.6381166334238
146.22123068407166
156.6381166334238
156.6381166334238
156.80230393437608
146.22123471431968
156.80230393437608
156.80230393437608
136.44014492414237
146.07494642946352
146.07494642946352
139.55127852140453
133.720423777009
128.37556385716337
0.0
0.0
142.25003121580892
142.25003121580892
142.25003121580892
142.25003121580892
175.55757058708528
142.28315305064288
175.55757058708528
175.55757058708528
172.84798534764371
142.28086983999157
172.84798534764371
172.84798534764371
176.12261726794424
142.2843479342313
176.12261726794424
176.12261726794424
186.72085343680618
187.59566374712327
186.72085343680618
186.72085343680618
187.58998380687615
187.58998380687615
176.03084737044506
176.03084737044506
177.2188901114921
0.0
126.38345936522659
115.97140609771245
117.9116385832496
0.0
0.0
154.31734533375786
154.31734533375786
154.31734533375786
154.31734533375786
142.17018220900752
130.66557993457715
142.17018220900752
142.17018220900752
171.14029522425008
159.75069760085117
171.14029522425008
171.14029522425008
159.2624151320974
159.2624151320974
138.26755517105195
129.65144791509005
174.00591156247987
174.0059115625014
136.5738533446599
132.40616968828908
165.6068124605921
165.6068124605921
140.9582926099072
130.72290149114485
166.55135171942237
166.5513517194224
131.05248730249926
130.88461895735347
161.1793808010511
161.1793808010511
139.25314847287822
129.97349841270665
157.0008437517267
157.0008437517267
137.5152388805135
129.26746796638713
159.51176112416925
159.51176112416942
159.51176112416925
139.0564288346837
123.71733660089672
111.86176748294046
0.0
0.0
150.65932516794393
150.65932516794393
150.65932516794393
150.65932516794393
136.35084187909038
136.35084187909038
136.3509131876484
136.3509132755371
131.58105513884985
131.58105513884985
131.58115021828814
131.5811503355813
154.65158563779906
154.65158563779903
154.78466414048253
154.78490029045116
147.94549764078684
147.94549764078684
148.07999136361406
148.09172289407766
147.60806129245123
147.60806129245123
147.7501203106239
147.75495196464274
143.8195194137947
143.8195194137947
143.9611661551634
143.97369046932712
140.97807481116553
140.97807481116553
141.1247502249121
141.13771886198214
143.62405568431058
143.62405568431043
144.26786085755853
144.26795272476184
141.66493626375805
141.66493626375805
142.34438849521678
142.35780538594526
140.37063973080743
140.37062817159713
141.09589645362325
141.09558847183416
139.65027457375996
139.6502745737298
140.39209222320477
140.3934481133032
146.32372594857605
146.32372736085378
146.89407160238395
146.90001542512346
145.7592901182806
145.75929011932473
146.34913688152363
146.3495605847292
145.41647943487152
145.41647943636394
146.01506467377337
146.01534568267223
144.2144967570118
144.21449676326
144.8425246636188
144.84331866796086
148.04332264520818
148.04332264520818
148.57463530894364
148.5762242343852
146.4689112203445
146.4689112203445
146.93379537783264
147.0409872708501
148.08135953410292
148.08135953410292
148.5980106573516
148.61337103127346
146.66103894200324
146.66103894200324
147.12116740252523
147.22829409311032
145.57606696206383
145.57606696206383
144.95815557005398
144.94631310227683
148.54287285512802
148.5428728551435
147.80713238700056
147.79852834623054
150.0468606026056
150.04686060260678
149.2469211684889
149.24556821361733
151.4845143458201
163.61531096527932
150.64706795369995
150.62981262746692
153.73051274407473
153.73051274407476
153.84504640166372
153.83925297342742
156.20412850548558
156.20412850548567
156.17742878567353
156.16864607467912
158.18730569652075
158.18730569671024
158.04693501675519
158.036986073223
157.03063758572708
157.03063758572708
156.9418952784151
156.94988497773423
155.9010280551548
155.9010280551548
155.8769925482157
155.8860114833914
157.0507470551674
157.0507470551674
156.96083010955212
156.96498490738176
155.86055644220406
155.86055644220406
155.87184469215643
155.84342013981214
155.1045325486173
155.10453621844553
155.1322129833497
155.13693296336393
154.90593915716053
154.90593915716053
154.93868053569938
154.94691877451464
153.8772881374141
153.8772881374141
153.98463495136508
153.97522181966974
152.90709823673737
152.90709823673737
153.05991398960919
153.06143538600838
154.0263134945827
154.0263134945827
154.11929017713197
154.1176375230486
153.90230504464077
153.90234468329504
154.00333323896484
154.0038739793823
156.0179751817459
156.52221110675066
156.01989759202792
155.99420425908917
157.03862194572773
157.08578886125315
156.94974995227713
156.93544993215136
156.2964145462162
156.3017459593312
156.25631876369144
156.25992318398158
156.86398317748447
156.88359539187954
156.80186152023643
156.79215019410597
156.18145374893206
156.18420957482456
156.14803390361627
156.15164629342303
155.53044509166696
155.53150276810644
155.53486384863515
155.53849205147753
154.90848449430248
154.9090940065273
154.94905650326876
154.95269731012226
156.51335431205263
156.51336010994717
156.48008887891038
156.4603817459799
155.85421082867907
155.85421083015322
155.8355673603253
155.84283510832964
155.60337544785057
155.60337544785057
155.60658148914305
155.6012078397771
154.96737614267957
154.96737614267957
154.99717707563002
155.00706310593512
155.12445419386418
155.1244566494669
155.15647243982337
155.1543638963907
154.51541215312383
154.51541215312383
154.57030965050745
154.58114134618756
153.93021549362308
153.93021549362308
154.0187667662414
154.0299954127662
153.2895438821299
153.2895438821299
153.41793084376866
153.42219279687666
153.42810058091837
153.42810058091837
154.53519846173455
154.54967273978426
152.8647776197139
152.8647776197139
154.01483150293194
154.16900089759838
153.52604578270012
153.52604578270012
154.61629078744136
154.6153457390894
154.93411454737375
154.93411454737395
155.56592799808928
155.56599755179008
154.92786206356217
154.92786206356217
155.54642792104204
155.5636823721949
154.37709785562433
154.37709785562433
155.0891257944244
155.19146871748939
154.79160326293334
154.79160326293334
155.46999763947505
155.47109324112918
154.26149653238411
154.26149653238411
155.00684712023553
155.11331093106156
154.53439747113038
154.53439747113038
155.29293538566577
155.29738342326328
155.36387552180548
155.3638755218055
155.860369147697
155.85727084987036
154.84995676977516
154.84995676977516
155.42571314739592
155.51116782607969
154.35201976854304
154.35201976854304
155.0712671055746
155.17451339082115
154.3060694876999
154.3060694876999
155.09933647880055
155.1429817470461
153.88543798879593
153.88543802403402
154.85318017659088
154.8593053357269
153.44405583430407
153.44405583430407
154.5048872424724
154.56084852940828
153.01561509895708
153.01561509895708
154.2094694096376
154.2710648069229
153.154464607911
153.1544646079122
154.36317123768666
154.3648960872061
152.74232682414458
152.74232682414458
154.02072698189545
154.08622260268845
152.34176203000155
152.34176203000155
153.74462786135516
153.81529391150042
153.42809458122622
154.12354309002444
154.50362093629832
154.54967259526987
153.00756054900754
153.00756054900754
153.87394086378413
154.2608617224915
153.31699249652647
153.31863797376536
154.43379000709675
154.46797904606404
152.90179690797547
152.90179690797547
153.6792439464156
154.1897224039723
153.81878444694712
153.81878444694712
154.78560525499398
154.80861838292324
153.91117901867727
153.91117901867727
154.8050053116506
154.87203500669662
153.48368650489635
153.48368650489635
153.77065625676528
154.58045702065945
153.64452823975475
153.64452823975475
154.48814416086663
154.69076671098273
153.72286018211432
153.72286018211432
154.53114157095624
154.7442250929093
153.32321491211914
153.32321491211914
153.80783369503965
154.47405768307294
152.93329962381443
152.93329962381443
153.5146833431761
154.21047298568521
152.88535820296394
152.88535820296394
153.8956060329786
154.17849876666838
152.56670457773043
152.56670458057127
153.94734297064
153.9569450395316
153.0503266015508
153.0503281866814
154.24865944871334
154.28950116007036
152.73694116666752
152.73694116899034
154.06217403758862
154.07215437776406
152.46262023774466
152.49154800606075
153.89093547199704
153.88352294223748
152.90391857244137
152.90391857244137
154.0029346207268
154.18571161200927
152.52491040674337
152.52491040674337
152.7620919269846
153.92227549237734
152.187214108881
152.187214108881
153.14431411622945
153.70671028327558
151.91708633720788
151.91714172398912
153.5234864719594
153.51582914756372
151.65260636263062
151.6526554904486
153.34464603606693
153.33685532688435
151.3378645787159
151.3378645787159
152.58910965756934
153.13183841963613
151.02978422167618
151.02978422167618
152.3645340562772
152.92358801109359
151.38196505154096
151.38207446172086
153.1080760386083
153.1594920612069
151.3358123390643
151.3358123390643
152.93738488154392
153.1304296139647
151.89239516299995
151.89239516299995
153.49845294688689
153.5067039084503
151.58990903901528
151.58990903901528
152.7350758614363
153.3023484655764
151.2934883668357
151.2934883668357
152.51942065264706
153.10197598763247
151.01588414473375
151.01588414473375
151.01588414473375
147.97750505071474
143.68665567899143
73.06414294841416
0.0
0.0
127.84330907403067
127.84330907403067
127.84330907403067
127.84330907403067
146.28136739119944
146.28141810227262
146.28136739118295
146.28136739118293
139.9372429955772
139.93724898202677
139.93724299556635
139.93724299556638
152.1633833341741
152.16361332559418
152.1633833341524
152.16338333415231
151.10022060046225
151.10022060046225
148.54277645130935
148.38344131798337
148.75690025222093
148.75690025222093
148.02030023645204
147.543473948952
144.76753613522123
144.76753613522123
145.39702973218436
146.08670939090348
141.7122786492548
141.7122786492548
143.10306394633196
144.95726225783926
139.3360578441206
139.3360578441206
141.37039125912474
144.08257178897063
137.43508120265628
137.43508120265628
137.43508120265628
119.30159907596489
106.24196228301929
67.63345505448217
0.0
0.0
130.04252907348933
130.04252907348933
130.04252907348933
130.04252907348933
125.49165966729743
125.49165966729743
125.49165966455347
125.4916596644703
140.32136071119098
140.32136071119098
140.32136069920256
140.32136069915038
135.47647692832786
135.47647692832786
135.47647691956405
135.47647691929794
149.64128002528088
149.64128002528088
149.64128000745092
149.64128000745157
144.85840204642835
144.85840204642835
144.85840203200797
144.85840203157014
141.4415645947443
141.4415645947443
141.44156458238407
141.4415645820087
144.16692623506083
144.16692623506083
144.16692622071895
144.16692622063096
141.8373947883639
141.8373947883639
141.29174445855756
141.2673221431562
140.9021904107155
140.90166918081093
140.9021904107155
136.34019000595845
128.98806136396772
126.0216067874638
0.0
0.0
151.644596907879
151.644596907879
151.644596907879
151.644596907879
174.3443392471125
174.34433924735384
174.33789900051946
174.33784826670225
181.32590222790637
181.32590222805058
181.3174771100438
181.31741531777755
171.81477924352473
171.81477924352498
171.80898188566763
171.8090222005275
162.38660449982723
162.38660449982723
162.38350598823547
162.38354017379902
155.72360926213878
155.72360926213878
155.71969113880846
155.71960385878714
153.08060685233616
153.08060685233616
153.07762292606938
153.07758245799056
159.96442181310417
159.96442181310417
159.95885314909833
159.958839987213
161.2274813599221
161.2274813599221
164.70516524915857
164.7061265460873
160.336964158978
160.336964158978
164.07060491109675
164.12168255223267
164.106963691073
130.8161262457839
0.0
0.0
130.02528786337857
130.02528786337857
130.02528786337857
102.2322488530081
87.03051626321147
83.81496950027557
0.0
0.0
0.0
150.04029887033118
150.04029887033118
150.04029887033118
150.04029887033118
135.52027281300937
135.52027281300937
135.52027282706823
135.520272827172
130.6801291649006
130.6801291649006
130.68012918364585
130.6801291837842
130.3136601604805
130.1735121572231
130.31366017968918
130.31366017967497
141.55549099209435
142.91367248562565
141.55549100031004
141.55549100035762
139.49423204227045
140.14643455287919
139.49423205253987
139.49423205253203
138.02133569906826
138.3228221029187
138.02133571077192
138.021335710763
136.91666343953955
137.12021362350936
136.91666345231891
136.91666345230917
139.91053517727235
140.23623219209088
139.91053518613023
139.91053518616036
143.06403498501453
143.06403498812944
0.0
0.0
225.4030646621558
225.4030646621558
0.0
0.0
223.44005075480453
223.44005075480453
223.44005075480453
223.44005075480453
176.7373791762513
132.99893072199558
176.7373791762513
176.7373791762513
173.5654342550831
173.5654342550831
173.56543425427057
173.56543425426614
160.83921928175616
160.83921928175616
160.81868677891507
160.81808388421135
154.39067975869867
154.37680585655528
154.37311472902468
154.37312266308558
150.09124065952136
150.0781995343519
150.07605569720926
150.07606255615994
150.26959184130465
150.26959184130462
150.27371732908338
150.27379397276368
147.0036807841715
147.0036807841715
147.067194647762
147.06915608264802
156.19633419493726
156.19633419476529
156.0897583371348
156.08945541691548
153.4778627374711
153.34730976252843
0.0
0.0
123.32912983483101
123.32912983483101
123.32912983483101
122.76519043639695
113.93336346924485
119.8441191421723
121.36352100821573
121.50477646963478
123.73102899873102
130.37869047496375
0.0
0.0
130.04490316944185
130.04490316944185
130.04490316944185
130.04490316944185
140.51935844462167
145.23163658327675
140.51935844462167
140.51935844462167
159.23545541109036
155.5189099066556
159.23545541109036
159.23545541109036
160.96533269775685
157.88297115631752
160.96533269775685
160.96533269775685
159.13979894507088
156.34787703981658
159.13979894507088
159.13979894507088
154.2843970096554
152.065807954409
154.2843970096554
154.2843970096554
156.04069871558931
156.04069871558718
156.04638479751318
156.04638579968417
152.10975705180428
152.10975705180428
152.11748621619108
152.11756703762865
149.12832892078038
149.12832892078038
149.1376920356012
149.13774853195707
146.48385654976101
146.48385654976101
146.48385654976101
128.9246805527203
115.61177594693318
75.32132588150644
0.0
0.0
130.01872254517585
130.01872254517585
130.01872254517585
130.01872254517585
139.52940576030147
139.52940576030147
139.52940576031526
139.52940576031543
133.07200134239017
133.07200134239017
133.07200134241288
133.07200134241359
129.83628782346943
129.83628782346943
129.83628782349672
129.8362878234976
149.986373460768
149.986373460768
149.99409417086255
149.9941139615534
145.13594927710807
145.13594927710807
145.143695066414
145.14415551337453
141.67076653509702
141.67076653509702
141.67882633009526
141.6793055487964
139.44947302907343
139.44947302907343
138.25988189755142
138.2182708631507
137.7214224282452
137.7214224282452
136.6651575046262
136.62818164023463
139.76569561957243
138.88900762143834
139.76569561956532
119.4260342455175
115.19513966425964
113.01782273868069
0.0
0.0
120.5739784492577
120.5739784492577
120.5739784492577
120.5739784492577
140.29455955553593
140.29455955553593
141.00054686958626
141.00211719811728
134.29677315746883
134.29677315746883
135.14994519781536
135.21959767580907
154.16962251919108
154.16962251919108
173.46892853299642
173.61486289656776
169.75794971821932
169.75794971821932
183.89858361915898
184.1050500546843
168.5778757809064
168.57787578090634
183.32614497445954
183.33597495009184
162.99661079687812
162.49904741743072
179.56830294688544
179.55317449844688
163.09490749381712
159.29648427675937
178.1046114275139
178.17197476701995
157.82756533889662
156.62113906635201
176.0773808584832
176.07234980367798
164.89407962008812
164.89407962008812
164.89407962008812
140.5320355127268
122.51398937313363
97.0589066639134
0.0
0.0
127.48896202196671
127.48896202196671
127.48896202196671
105.45447800368039
91.35288880118469
86.47614965655627
0.0
0.0
0.0
213.82731447338006
213.82731447338006
213.82731447338006
213.82731447338006
208.96134022666388
208.96151333871686
208.96134022666305
208.96134022666305
181.8024722191625
181.8024201133457
181.80247221916633
181.80247221916633
173.24195547119115
173.24195547119115
173.24149220417547
173.24148731086342
174.93928420411197
174.93928420411186
179.54162344169967
179.53895285725687
167.0735239446924
167.07334713842258
176.98123006094036
176.97302641684794
161.45437492233322
161.4542156097123
175.16095040393495
175.1496126572671
161.5700406398321
161.5695533909872
175.05857294289072
175.22370545429735
157.8113654205622
157.81130437808477
173.98084207637598
173.96745607586155
154.80417695289296
154.804103257483
173.00668053555586
172.99162413029052
152.41560349646798
152.41553050900902
172.23655394962051
172.21852363657072
149.8660676554334
149.8660676554334
162.1545288154773
171.42492781822412
148.11015315907886
148.11015236592206
170.70784764875785
170.8310784393366
152.16685980324496
152.1667683021847
170.86551964628657
172.20480104069082
150.91393806997374
150.91393684488258
171.70690238126926
171.75361205785853
150.22724215820338
150.22724215820338
170.37046516358157
171.56011256849246
154.15994130910107
154.159941309011
172.02918916743633
172.79368795234043
152.50142262945886
152.50142262945886
169.4412816205312
172.28391413024548
151.0120778100698
151.0120778100698
168.5429341611299
171.73870963568754
154.97597277829956
154.97596943185118
171.19738920295097
172.98949765868363
153.56696732533658
153.56696732533652
171.42961654430252
172.53218800376771
152.28573887012058
152.28573887012053
170.96930164343564
172.12214631186254
151.19834196479246
151.19833834220498
171.6813397241217
171.74190227446198
150.20103955600925
150.20103595023258
171.35683856046205
171.42186748109225
149.2835214378762
149.28351796058854
171.06034991243473
171.1272679845334
148.43658163652697
148.43657833968476
170.78666810880702
170.85532998265305
148.19117913772737
148.1911718812489
170.8447064275252
170.80917421847445
147.31159653950905
147.31159653950905
154.12356260457227
156.6344287702507
146.70780357851248
140.0154401158559
156.42450456130038
156.3823694646282
147.97459922834986
147.97459350640202
156.00874814118387
156.7077943136719
150.7309386247394
150.73078152180068
154.95493232244078
157.02591170439678
150.00628961645094
150.00625021042936
156.96826348772672
156.75153846742873
151.38331083609563
151.38331083609563
157.0209533867399
157.10096768455756
150.8989096220233
150.8989096220233
155.00176187390062
157.02336987873443
152.98437208231556
149.4549134010682
155.14307728621648
157.2105799610525
153.59179909751467
153.59179876990788
156.78659834129513
157.22663906971067
155.64516751727547
155.64516751727547
157.01104189240243
157.54981636881982
154.73420461364586
154.73420461364586
155.19609851055245
157.45194593685292
154.05372219230367
154.0531316728089
157.34378519668678
157.132580424815
153.9164490414539
153.91582730120228
157.09006971386327
157.17905409056976
154.64245004485693
154.63955411969383
156.45482623997188
157.32079859209088
154.92196222995253
154.92196222995253
157.33229600989802
157.4308630315118
154.3785482971935
154.3785482971935
155.9149173924306
157.36321514464333
153.65327135731835
153.65327135731835
155.26394535053092
157.29855552717532
154.98815099374053
154.98815099374053
157.05268026226275
157.4706276986276
154.37070707335587
154.37070710702292
157.40400995225997
157.1968441953198
153.77898612772768
153.77898615981863
157.33657520332443
157.13987719363416
154.0356297551547
154.0356303363939
157.08532935259913
157.26222663871425
153.47488477765032
153.47488481106203
157.30223641399175
157.1104675562369
154.76979103618868
154.76979103883247
156.37436235159288
157.4272429226456
156.16728245592125
156.16728245959294
156.39126374819577
157.57196717805675
155.50649997970675
155.50649997970675
155.798301352013
157.50799003352898
154.87046748867678
154.87046748867678
155.49395270327685
157.44515234851406
155.1109942595505
155.11099968500704
157.04840679518813
157.3564298972238
154.60221402216735
154.6022149368012
157.44164476805807
157.2074966728281
155.71698877224702
155.71693706424924
156.09624539995593
157.49060715346997
156.77473678194994
156.64570791275904
156.09682928856404
157.57381011681815
156.28755634548628
156.28464261475887
157.5317140756841
157.344723529564
156.89859304844126
156.89859304844126
157.5929841463613
157.64690440234003
157.0574100728091
157.0574100728091
157.63353708536297
157.6397707623637
156.49038648548031
156.49038648548031
156.45468027028235
157.57496147262816
155.94125555410412
155.94125555410412
156.22559557419711
157.5225907840231
155.8028466900829
155.8028466900829
156.9162521287495
157.50420102912136
155.4011950442398
155.4011950442398
156.2214199179557
157.46567531972028
155.05562513388304
155.05562513388304
156.19938122440672
157.4309201520037
155.4619233886873
155.4619233886873
156.61166853468103
157.53392887074355
155.12886595526984
155.12887971735125
157.47242707866195
157.2699630433773
154.72204794164824
154.7220587192273
157.44895712964097
157.21269249698736
154.5017437126455
154.5017639844662
157.36704377897925
157.22873182505748
154.0478921311859
154.0478921311859
155.0770388643112
157.3234291343707
154.7592885973869
154.75928865843736
156.46868706576228
157.40308654150857
154.38375162557637
154.3837864164336
157.4004005325081
157.1647271349393
154.12728110708173
154.12732962742535
157.34125650464702
157.16771214901163
153.76606020224176
153.76606891190474
157.34428847012273
157.1117467829825
153.41409570975264
153.4141035854672
157.3083342992113
157.07820940922312
153.12014827672263
153.12015833294677
157.27659431415697
157.06248490020027
152.9199507152674
152.9199655496818
157.23319258604297
157.06571937295013
152.72174482161992
152.72174489761903
157.23520643540616
157.06974433397912
152.3094135966508
152.3094135966508
152.77992916252688
157.17198829987146
151.89505174957705
151.89505174957705
152.17725537441103
157.0463187469629
151.52791141923132
151.52791141923132
153.6182950366826
157.10121543146826
151.1341882405398
151.1341882405398
151.6810845602811
156.9664477917083
151.51478341285815
151.51478341285815
154.8571962453213
157.08363311940676
151.92107868974423
151.92107868974423
155.1566929079467
157.1271131425785
151.65043587237136
151.57049989100315
157.0392659953532
156.87378460876562
151.9566079614015
151.9288362581294
156.00752785145954
157.03658230678585
152.49502098618822
152.49502098618822
157.0406080773024
157.22366321951176
152.15364329700148
152.15364329700148
155.41112598724487
157.15889744202843
151.81985964637573
151.81985964637573
155.2788896398591
157.1265345867245
151.8926877609425
151.8926877609425
156.8128041811395
157.13616219008753
151.76929549509444
151.76932589390125
157.09349426477922
156.969867972966
152.7531929819601
152.61789919439204
155.46532658347317
157.20573124422216
153.92192909186838
153.49576801452207
155.5503557094239
157.29682851739
153.5667547209908
153.56679252105613
156.99863404223487
157.18890657912345
153.943999944001
153.943999944001
182.69125032080777
182.65371397151898
153.82353052536595
153.82353052536595
176.2693227869718
182.69789632929542
153.86817888284193
153.86817888284193
180.23315481961052
182.69622334040687
153.5578376946789
153.5578376946789
172.1247747729581
182.67080440607512
153.25350077344046
153.25350077344046
171.93563615636586
182.64735306995752
152.95523743841503
152.95523743841503
152.95523743841503
149.75076652325652
128.67365962419368
-2.3431491598237812
142.54025252203144
139.73224661745647
138.42619077554082
138.11054607526958
162.41185793113485
137.4988208764713
136.870686547311
122.60324920408073
158.17810336593314
135.99774726569737
135.35082281326265
134.73027220970252
155.97371286474853
134.69365967407822
134.23211740316572
134.0573796586573
150.82847676711555
133.70851948459756
133.30068306834082
131.11504354227534
152.80137820080142
132.72536314726332
132.24700789193264
102.48666354027651
150.43377526294202
131.8069258334335
131.39935679966422
121.81498920714156
141.42907533150722
131.0523073125547
130.73927607988762
129.2303132590932
137.48971586473675
130.4231864114114
130.12676465994295
100.06280423645113
138.9332702769674
121.01457225598517
100.60791472811722
61.25669385842856
145.16704632883176
131.97567598391012
121.37250184409565
113.13304421964396
109.55153874745929
110.17101915946968
108.89689814742707
110.46921753085063
110.1247675843932
111.28076501867918
116.93541971882124
116.95483081451698
117.23239550517859
123.3730825687696
124.32491382859556
123.97106610250177
123.15894477346508
125.16950058995299
125.09182846251164
127.09548390239131
126.91737532822991
126.99064530178698
126.17261428481861
125.90251583237325
125.30942822932883
127.07306337258596
127.22426316557384
127.02978225047436
126.55569575219043
126.5461788900522
125.97474338164406
125.52164468096618
125.34667095564579
125.17872245143863
124.27465228627125
125.18089605012942
125.06785647906368
125.81655953457079
125.69723641825746
125.18501729745519
160.23732647629262
136.0256122920015
118.03062593270809
56.99565418580427
132.51694363476201
116.5499761898453
104.16000096434179
93.77163396128417
160.84341433806725
25.438036859960704
53.97963254396649
151.26534962907564
149.81534607525987
146.77216341546273
145.22882164776837
145.01326894693034
133.25946360719655
144.70817359881855
144.3556368925172
143.78190673122415
147.67610195721784
124.64064605115585
106.94672899334503
37.277482597236876
162.37745493262244
156.86563603094893
149.8532723178411
146.16370865708907
127.8718957009062
152.27996061198508
152.06665019484188
151.63690953886635
150.05446330132
150.747262489531
149.9379091628088
149.54419076125737
148.58917964803658
148.6642749130807
147.8426620950509
147.48762387385358
146.41339412276454
146.6676706587336
145.89969703380527
140.04641034640252
145.43429674392019
144.97949089111597
144.28979650324993
143.86245848802548
140.95343817648947
143.2941018436399
142.7572825309467
104.74154008534941
140.1895875547293
141.81497966491045
141.16053065903685
114.59761445266423
141.87016190485568
140.4628449830281
139.86606819345903
139.18115690019692
139.7454544964771
139.20524226718246
138.77590483391646
128.71894328166164
140.04186783873715
138.2595939557841
137.8577805829522
108.30365641758301
128.37138712006634
129.19308375681692
129.499814031356
130.01969831641938
0.0
123.21192877221175
123.21192877221175
123.21192877221175
123.21192877221175
123.21192877221175
123.21192877221175
123.21192877221175
123.21192877221175
123.21192877221175
123.21192877221175
123.21192877221175
123.21192877221175
123.21192877221175
123.21192877221175
123.21192877221175
123.21192877221175
123.21192877221175
123.21192877221175
123.21192877221175
123.21192877221175
123.21192877221175
123.21192877221175
123.21192877221175
123.21192877221175
123.21192877221175
123.21192877221175
123.21192877221175
123.21192877221175
123.21192877221175
123.21192877221175
123.21192877221175
123.21192877221175
123.21192877221175
123.21192877221175
123.21192877221175
123.21192877221175
123.21192877221175
123.21192877221175
123.21192877221175
123.21192877221175
123.21192877221175
123.21192877221175
123.21192877221175
123.21192877221175
123.21192877221175
123.21192877221175
123.21192877221175
123.21192877221175
123.21192877221175
123.21192877221175
123.21192877221175
123.21192877221175
123.21192877221175
123.21192877221175
123.21192877221175
123.21192877221175
123.21192877221175
123.21192877221175
123.21192877221175
123.21192877221175
123.21192877221175
123.21192877221175
123.21192877221175
123.21192877221175
123.21192877221175
123.21192877221175
123.21192877221175
123.21192877221175
123.21192877221175
123.21192877221175
123.21192877221175
123.21192877221175
123.21192877221175
123.21192877221175
123.21192877221175
123.21192877221175
123.21192877221175
123.21192877221175
123.21192877221175
123.21192877221175
123.21192877221175
123.21192877221175
123.21192877221175
123.21192877221175
0.0
0.0
0.0
0.0
0.0
0.0
0.0
0.0
0.0
0.0
0.0
0.0
0.0
0.0
0.0
0.0
0.0
0.0
0.0
0.0
0.0
0.0
0.0
0.0
0.0
0.0
0.0
0.0
0.0
0.0
0.0
0.0
0.0
0.0
0.0
0.0
0.0
0.0
0.0
0.0
0.0
0.0
0.0
0.0
0.0
0.0
0.0
0.0
159.73247359835057
154.08750108508568
146.31816069744875
142.30860148441994
0.0
0.0
0.0
0.0
0.0
0.0
0.0
0.0
0.0
0.0
0.0
0.0
0.0
0.0
0.0
0.0
0.0
0.0
0.0
0.0
0.0
0.0
0.0
0.0
0.0
0.0
0.0
0.0
0.0
0.0
0.0
0.0
0.0
0.0
0.0
0.0
0.0
0.0
0.0
0.0
0.0
0.0
0.0
0.0
0.0
0.0
0.0
0.0
0.0
0.0
0.0
0.0
0.0
0.0
0.0
0.0
0.0
0.0
0.0
0.0
0.0
0.0
0.0
0.0
0.0
0.0
0.0
0.0
0.0
0.0
0.0
0.0
0.0
0.0
0.0
0.0
0.0
0.0
0.0
0.0
0.0
143.55793084868282
132.6856688548647
129.78701258393943
0.0
0.0
143.55793084868282
132.6856688548647
129.78701258393943
0.0
143.55793084868282
132.6856688548647
129.78701258393943
0.0
122.83502443756811
112.53660477918996
115.85489375200756
