0.0
0.0
136.68045895780895
136.68045895780895
136.68045895780895
136.68045895780895
131.94918856350225
136.67573241397525
131.94918856350225
136.67573241397525
152.21332318864518
164.7047801170819
152.21332318864518
164.7047801170819
146.637528282256
164.69536241440713
146.637528282256
164.69536241440713
164.69352803648832
164.69352803648832
141.36594614005523
164.69352803648832
149.89484119438495
149.89484119438495
137.85189371456576
149.89484119438495
138.96217117562512
148.82788781839255
138.9623283487633
148.82788781839255
142.44073970044298
152.4201569575378
142.4409434272047
152.4201569575378
151.94691046315523
152.4214804091923
151.94691046315523
152.4214804091923
158.79240182709663
152.42193888708852
155.23953767470294
152.42193888708852
152.42149867522105
152.42149867522105
152.0780907124803
152.42149867522105
147.09373074772805
147.09373074772805
149.44257537566952
147.09373074772805
148.0502282051242
147.09358060379293
148.0502282051242
147.09358060379293
149.67358331398623
147.09338231283007
144.6335163068608
147.09338231283007
144.36716203932266
146.37710234386714
144.36716203932266
146.37710234386714
146.62891134459784
151.28409983780716
146.62891134459784
151.28409983780716
150.89060723608424
149.43509472723858
145.87559951075832
149.43509472723858
152.1244783417627
149.43520103934165
147.1348767922564
149.43520103934165
146.53734833189506
146.53734833189506
145.74996429255017
146.53734833189506
149.75408708908432
146.53726978040004
144.50775190985954
146.53726978040004
148.76061936342296
146.53719273915172
143.50215190543545
146.53719273915172
147.85751103471097
144.42438617813048
142.5880163542325
144.42438617813048
144.29814975221717
144.42450792272638
144.29814975221717
144.42450792272638
145.5768616600218
147.39431888944986
145.5768616600218
147.39431888944986
147.394266089376
147.394266089376
144.7496093064498
147.394266089376
145.34742313538734
145.34742313538734
143.84035888047282
145.34742313538734
143.2830269699686
145.3473902992288
143.2830269699686
145.3473902992288
146.23412744812615
151.8292267301429
146.23412744812615
151.8292267301429
147.48741457411563
154.26837832313723
147.48741457411563
154.26837832313723
146.8636079611777
152.70270885670212
146.8636079611777
152.70270885670212
146.27941014806512
151.31994663414594
146.27941014806512
151.31994663414594
150.77550695631106
151.3199133940287
145.5416418777595
151.3199133940287
150.1317057029361
151.31988403348979
144.88945477745753
151.31988403348979
144.33978525471386
151.31985926753467
144.33978525471386
151.31985926753467
146.5601181841762
151.31995930689797
146.5601181841762
151.31995930689797
151.17381154401696
151.3199315598887
129.30887070181703
151.3199315598887
150.59767866071044
149.8227229425701
129.1759854877338
149.8227229425701
129.64018436259636
149.82280962713423
129.64018436259636
149.82280962713423
151.95568337539166
149.82278143409317
129.489209663033
149.82278143409317
129.3752324031353
149.82276014998004
129.3752324031353
149.82276014998004
129.60053236229552
149.82279882399274
129.60053236229552
149.82279882399274
129.63632948079115
150.1844799900569
129.63632948079115
150.1844799900569
129.75671215486915
150.1845013017716
129.75671215486915
150.1845013017716
152.95235292500638
150.18449784708358
129.73719772776678
150.18449784708358
150.18447292540043
150.18447292540043
129.59642370883927
150.18447292540043
152.4744942282793
150.4861754032963
129.62705455767937
150.4861754032963
129.52618634885152
150.48615843918387
129.52618634885152
150.48615843918387
129.42949169047824
149.35089556390247
129.42949169047824
149.35089556390247
129.3407379551596
149.35088134785536
129.3407379551596
149.35088134785536
129.7070866710713
149.35094002724466
129.7070866710713
149.35094002724466
129.85369215332724
149.35096350957434
129.85369215332724
149.35096350957434
129.7638863403146
148.3845533659396
129.7638863403146
148.3845533659396
129.9373237205003
148.38457988336492
129.9373237205003
148.38457988336492
153.9943046296249
148.95497615953875
129.9773604892784
148.95497615953875
153.52762711310936
147.85959924808225
129.86979450495488
147.85959924808225
130.10452542148465
147.8596321462047
130.10452542148465
147.8596321462047
154.7874920402379
147.8596399470485
130.1601847770492
147.8596399470485
154.69774043343529
147.79873386029783
130.13949764388195
147.79873386029783
155.6124899468106
147.79876222870246
130.3503411671576
147.79876222870246
130.47568042340322
147.79877909272997
130.47568042340322
147.79877909272997
130.38087931745446
147.79876633752963
130.38087931745446
147.79876633752963
130.2890839682355
147.79875398670424
130.2890839682355
147.79875398670424
130.3776127639681
149.02592909420733
130.3776127639681
149.02592909420733
130.29707534133735
149.0259186749221
130.29707534133735
149.0259186749221
130.44495181367105
149.02593780611107
130.44495181367105
149.02593780611107
130.49664571381206
149.02594449380442
130.49664571381206
149.02594449380442
156.05357101716393
148.76659897898512
130.46039141573021
148.76659897898512
130.38232913076382
148.7665892538558
130.38232913076382
148.7665892538558
155.30118992016259
148.76657737369374
130.28696833089418
148.76657737369374
155.5045994448587
149.47508566053548
130.33385402140183
149.47508566053548
156.0265627939808
151.01895191897603
130.45416604749724
151.01895191897603
130.60643809924122
151.01896958097223
130.60643809924122
151.01896958097223
156.29239864929556
150.05814707605077
130.51544094431807
150.05814707605077
156.05670461675388
150.05814098459211
130.46111370727863
150.05814098459211
149.10572822338628
149.10572822338628
130.36989756098606
149.10572822338628
156.24057822684875
150.7651495988507
130.5034963891531
150.7651495988507
149.84912143249892
149.84912143249892
130.41410689983564
149.84912143249892
148.98607009449782
148.98607009449782
130.32692776387637
148.98607009449782
148.1723357607406
148.1723357607406
130.24195581511003
148.1723357607406
147.40322266406176
147.40322266406176
130.15905369399766
147.40322266406176
146.6756829777695
146.6756829777695
130.0781986269168
146.6756829777695
154.06421428900595
146.6756760366117
130.0018466941636
146.6756760366117
146.67566871251694
146.67566871251694
129.92128537363826
146.67566871251694
130.94603523460378
146.6756850204291
130.94603523460378
146.6756850204291
130.97103479631573
147.08777970451416
130.97103479631573
147.08777970451416
130.9132855022951
147.08777448256058
130.9132855022951
147.08777448256058
130.91525810281877
147.08778424742616
130.91525810281877
147.08778424742616
130.85801302596647
147.08777899574952
130.85801302596647
147.08777899574952
130.80765351076167
146.63648779638726
130.80765351076167
146.63648779638726
130.75283903728405
146.14495681579612
130.75283903728405
146.14495681579612
130.69920631118703
145.67714707739566
130.69920631118703
145.67714707739566
130.82101103912387
147.1432133607578
130.82101103912387
147.1432133607578
130.76778872947258
146.67383933245588
130.76778872947258
146.67383933245588
146.67383405124735
146.67383405124735
130.70264690020224
146.67383405124735
130.7379274575562
146.67383691162505
130.7379274575562
146.67383691162505
130.68681530649525
146.22122537986476
130.68681530649525
146.22122537986476
153.93483438979246
146.22122776912946
130.71697079509616
146.22122776912946
130.75376073527156
146.22123068407166
130.75376073527156
146.22123068407166
136.4510771202004
146.22123471431968
136.4510771202004
146.22123471431968
154.22099320886676
146.07494642946352
146.07494642946352
139.55127852140453
133.720423777009
128.37556385716337
0.0
0.0
142.25003121580892
142.25003121580892
142.25003121580892
142.25003121580892
175.4050390704
142.28315305064288
175.4050390704
142.28315305064288
173.11940294162025
142.28086983999157
173.11940294162025
142.28086983999157
176.60090569532943
142.2843479342313
176.60090569532943
142.2843479342313
187.86867235251634
187.59566374712327
187.86867235251634
187.59566374712327
187.58998380687615
187.58998380687615
176.50333834782938
187.58998380687615
177.7664574112596
0.0
126.38345936522659
115.9714061718048
117.9116385832496
0.0
0.0
154.31734533375786
154.31734533375786
154.31734533375786
154.31734533375786
142.17018220900752
130.66557993457715
142.17018220900752
130.26339398934772
171.14029522425008
159.75069760085117
171.14029522425008
135.54159934185364
159.2624151320974
159.2624151320974
159.25262585086568
134.6950720713489
174.00591156247987
174.0059115625014
173.9919095307764
216.24904589880492
165.6068124605921
165.6068124605921
165.5952827910171
200.0649288251351
166.55135171942237
166.5513517194224
166.53938372888695
150.3360064885157
161.1793808010511
161.1793808010511
161.16907091429084
144.85123563316685
157.0008437517267
157.0008437517267
156.99168114577827
132.10143131737502
159.51176112416925
159.51176112416942
159.51176112416925
139.0564288346837
123.71733660089672
111.86176748294046
0.0
0.0
150.65932516794393
150.65932516794393
150.65932516794393
150.65932516794393
136.35084187909038
136.35084187909038
136.35084190307828
122.45491532967644
131.58105513884985
131.58105513884985
131.58105517083416
122.31258119241409
154.65158563779906
154.65158563779903
154.65163033077206
123.71407246936218
147.94549764078684
147.94549764078684
147.94554492490846
123.5007610776704
147.60806129245123
147.60806129245123
147.60810985418274
145.41125604912872
143.8195194137947
143.8195194137947
143.8195692433493
143.86532048082444
140.97807481116553
140.97807481116553
140.97812640968567
128.30901806580215
143.62405568431058
143.62405568431043
143.93052980803083
122.13377430951385
141.66493626375805
141.66493626375805
141.99352325794897
124.09635158690098
140.37063973080743
140.37062817159713
140.72420865909504
124.64013664336281
139.65027457375996
139.6502745737298
140.0105811326727
124.34947261176939
146.32372594857605
146.32372736085378
146.58279146617195
127.97160726907413
145.7592901182806
145.75929011932473
146.02929748512915
184.1467704731851
145.41647943487152
145.41647943636394
145.69164666823082
138.755206067767
144.2144967570118
144.21449676326
144.50723154868973
219.45437943557064
148.04332264520818
148.04332264520818
148.27882073211546
129.42338321255136
146.4689112203445
146.4689112203445
146.67968571972247
121.13072483898536
148.08135953410292
148.08135953410292
148.3102443304998
136.95643661942867
146.66103894200324
146.66103894200324
146.86907006042264
136.84596525520652
145.57606696206383
145.57606696206383
145.83894169940098
128.49664685353972
148.54287285512802
148.5428728551435
148.7701928544772
124.84498427242781
150.0468606026056
150.04686060260678
150.25214224676628
128.83413218322443
151.4845143458201
163.61531096527932
151.6674056205501
178.89177873221007
153.73051274407473
153.73051274407476
153.88106897133844
125.31883817170423
156.20412850548558
156.20412850548567
156.31791492365727
124.72940841669146
158.18730569652075
158.18730569671024
172.63887545605962
191.3283587717117
157.03063758572708
157.03063758572708
171.39138890018805
171.58371275988625
155.9010280551548
155.9010280551548
170.49716758452396
169.76015643861055
157.0507470551674
157.0507470551674
171.62820705425034
136.95056836039106
155.86055644220406
155.86055644220406
165.19513612596884
137.67170774479624
155.1045325486173
155.10453621844553
170.63629155617954
219.32902892251604
154.90593915716053
154.90593915716053
169.5342452131101
153.75384632755117
153.8772881374141
153.8772881374141
163.21393927718
137.93564557773468
152.90709823673737
152.90709823673737
162.38739955197752
137.6696295505802
154.0263134945827
154.0263134945827
169.86626142879174
160.07234331094568
153.90230504464077
153.90234468329504
169.76741739420714
191.25933915821446
156.01797518133088
156.52221110675066
170.2891606539349
124.68056526454157
161.32172566580084
157.08578886125315
171.5636725343367
125.47236283305233
156.2964145462162
156.3017459593312
171.49597887200804
218.8811484023835
156.86417036525077
156.88359539187954
171.61644652694972
152.82623627851467
156.18145374893206
156.18420957482456
171.41382192252007
187.36482186524367
155.53044509166696
155.53150276810644
170.94845069141036
165.8686774813364
154.90848449430248
154.9090940065273
170.50382108071292
157.58832420472734
156.51335431205263
156.51336010994717
171.00766365972305
200.97767301150017
155.85421082867907
155.85421083015322
171.1113939362004
212.81558765018514
155.60337544785057
155.60337544785057
167.29065226971687
137.55765288286182
154.96737614267957
154.96737614267957
170.18637179500752
163.0033475004171
155.12445419386418
155.1244566494669
170.5664504016028
130.9283232671448
154.51541215312383
154.51541215312383
168.80531701282513
174.96839310143224
153.93021549362308
153.93021549362308
168.39902380709873
174.89490294206914
153.2895438821299
153.2895438821299
163.0898376980069
137.17568737832445
153.42810058091837
153.42810058091837
168.416866259662
175.52477846488492
152.8647776197139
152.8647776197139
166.26136925313054
138.86170112367222
153.52604578270012
153.52604578270012
168.6039531833283
192.66699467186237
154.93411454737375
154.93411454737395
169.24650138707278
139.32082390221345
154.92786206356217
154.92786206356217
169.32515698084057
181.04625970706033
154.37709785562433
154.37709785562433
167.3213662840488
145.55200397661056
154.79160326293334
154.79160326293334
169.48144252256103
162.4060633229359
154.26149653238411
154.26149653238411
167.23823199856588
126.11955708352201
154.53439747113038
154.53439747113038
169.27853079364792
133.15322274611748
155.36387552180548
155.3638755218055
169.78776961401587
155.02987512975977
154.84995676977516
154.84995676977516
167.66212110274967
161.5933740860298
154.35201976854304
154.35201976854304
167.30313490949717
161.53194116171662
154.3060694876999
154.3060694876999
168.4671236278688
138.60410198963788
153.88543798879593
153.88543802403402
168.82587597412305
197.5753016304577
153.44405583430407
153.44405583430407
161.7374009143126
140.16315998537462
153.01561509895708
153.01561509895708
161.508970636473
140.55397663929597
153.154464607911
153.1544646079122
161.89881811912804
126.3791001145637
152.74232682414458
152.74232682414458
161.36126768153562
141.44737088793363
152.34176203000155
152.34176203000155
161.14870998134086
141.45183505516528
153.42809458122622
154.12354309002444
161.20518600714738
191.7536163705073
153.00756054900754
153.00756054900754
160.62459602866096
180.73626990352003
153.31699249652635
153.31863797376536
161.75134532471895
170.691692622158
152.90179690797547
152.90179690797547
160.12108071629737
176.90968618969433
153.81878444694712
153.81878444694712
162.06242386993355
152.33920888791954
153.91117901867727
153.91117901867727
162.14073620065773
173.17540895106885
153.48368650489635
153.48368650489635
159.0076340784407
137.28418835499713
153.64452823975475
153.64452823975475
161.56636421455966
156.09357945916574
153.72286018211432
153.72286018211432
161.56861179609905
121.1656804739749
153.32321491211914
153.32321491211914
159.63694607828822
121.21966512725905
152.93329962381443
152.93329962381443
159.3890449007557
121.22191103136987
152.88535820296394
152.88535820296394
160.93926723941107
159.61092599998094
152.56670457773043
152.56670458057127
161.5914091130469
210.93464898692145
153.0503266015508
153.0503281866814
161.59723149792922
156.05149184208273
152.73694116666752
152.73694116899034
161.6773359508218
212.62607137092323
152.46262023774466
152.49154800606075
161.51445184820977
148.16873538752455
152.90391857244137
152.90391857244137
161.26514085895855
138.5669141639216
152.52491040674337
152.52491040674337
157.04633854992434
127.86354228707975
152.187214108881
152.187214108881
159.64935014299334
194.9930188383031
151.91708633720788
151.91714172398912
161.27188269391644
178.03890733562724
151.65260636263062
151.6526554904486
161.1381490893389
169.11669419903498
151.3378645787159
151.3378645787159
159.37265585522496
138.45043976448395
151.02978422167618
151.02978422167618
159.1856521385286
139.36330366224317
151.38196505154096
151.38207446172086
160.7370287482702
123.82578781134569
151.3358123390643
151.3358123390643
160.48755041853494
133.53528039693825
151.89239516299995
151.89239516299995
161.19079016148265
121.8568763188955
151.58990903901528
151.58990903901528
159.39736064539395
138.341101473095
151.2934883668357
151.2934883668357
159.22051630676444
138.35216227121495
151.01588414473375
151.01588414473375
151.01588414473375
147.97750505071474
143.68665567899143
73.06414294841416
0.0
0.0
127.84330907403067
127.84330907403067
127.84330907403067
127.84330907403067
146.28136739119944
146.28141810227262
146.28136734211958
164.10082031204632
139.9372429955772
139.93724898202677
139.9372429632743
158.68949919355805
152.1633833341741
152.16361332559418
152.16338326961005
128.60715698116587
151.10022060046225
151.10022060046225
151.09800058574896
128.6407141641875
148.75690025222093
148.75690025222093
148.7559451907949
129.76352404834097
144.76753613522123
144.76753613522123
144.76854150422994
121.99484097736443
141.7122786492548
141.7122786492548
141.71471616368942
122.21594972592659
139.3360578441206
139.3360578441206
139.33962327704154
121.17928705433391
137.43508120265628
137.43508120265628
137.43508120265628
119.30159907596489
106.24196228301929
67.63345505448217
0.0
0.0
130.04252907348933
130.04252907348933
130.04252907348933
130.04252907348933
125.49165966729743
125.49165966729743
125.4916596672965
128.72556688111047
140.32136071119098
140.32136071119098
140.32136071118694
167.1178097055629
135.47647692832786
135.47647692832786
135.4764769283249
152.56074132749515
149.64128002528088
149.64128002528088
149.6412800252749
174.74253737703185
144.85840204642835
144.85840204642835
144.85840204642346
123.1190629589982
141.4415645947443
141.4415645947443
141.44156459474013
122.60945688273165
144.16692623506083
144.16692623506083
144.166926235056
122.27383146001625
141.8373947883639
141.8373947883639
141.8372060787502
137.60558085538275
140.9021904107155
140.90166918081093
140.9021904107155
136.34019000595845
128.98806136396772
126.0216067874638
0.0
0.0
151.644596907879
151.644596907879
151.644596907879
151.644596907879
174.3443392471125
174.34433924735384
161.2261152102972
196.08085535223344
181.32590222790637
181.32590222805058
164.04713976962498
195.16184339608284
171.81477924352473
171.81477924352498
156.82955913640737
189.2172832537162
162.38660449982723
162.38660449982723
153.35178783535758
138.238263566002
155.72360926213878
155.72360926213878
152.89711776758452
182.76221979113416
153.08060685233616
153.08060685233616
151.89688557867183
182.5738360175683
159.96442181310417
159.96442181310417
154.9173215411484
182.10451154955157
161.2274813599221
161.2274813599221
154.65889146504125
182.87497083188342
160.336964158978
160.336964158978
153.58405642267087
154.23879387710605
155.03675185195502
130.8161262457839
0.0
0.0
130.02528786337857
130.02528786337857
130.02528786337857
102.2322488530081
87.03051626321147
83.81496950027557
0.0
0.0
0.0
150.04029887033118
150.04029887033118
150.04029887033118
150.04029887033118
135.52027281300937
135.52027281300937
135.5202728130141
121.6429024308565
130.6801291649006
130.6801291649006
130.6801291649069
121.3682912198681
130.3136601604805
130.1735121572231
130.31366016048696
121.72117920051866
141.55549099209435
142.91367248562565
141.5554909920971
152.16765343105658
139.49423204227045
140.14643455287919
139.4942320422739
183.97600103187514
138.02133569906826
138.3228221029187
138.02133569907218
154.93220371355736
136.91666343953955
137.12021362350936
136.91666343954384
146.01065645933966
139.9105351762989
140.23623219209088
139.9105351763016
136.27726206565882
143.06403498501453
143.06403498812944
0.0
0.0
225.4030646621558
225.4030646621558
0.0
0.0
223.44005075480453
223.44005075480453
223.44005075480453
223.44005075480453
176.7373791762513
132.99893072199558
176.7373791762513
133.00017289762522
173.5654342550831
173.5654342550831
173.5654342550828
143.53678329960866
160.83921928175616
160.83921928175616
160.83921229029144
133.56555156969426
154.39067975869867
154.37680585655528
154.39067386615127
131.48841835147394
150.09124065952136
150.0781995343519
150.09123556541613
128.6743323237609
150.26959184130465
150.26959184130462
150.2891693180854
130.02268805407152
147.0036807841715
147.0036807841715
147.08126781432586
124.36573407779153
156.19633419493726
156.19633419476529
156.10739148387304
140.72877052312248
153.4778627374711
153.34730976252843
0.0
0.0
123.32912983483101
123.32912983483101
123.32912983483101
122.76519043639695
113.93336403175743
119.8441191421723
121.36392777654196
121.36336974059675
123.73102902589196
130.37869047496375
0.0
0.0
130.04490316944185
130.04490316944185
130.04490316944185
130.04490316944185
140.51935844462167
145.23163658327675
140.51935844462167
150.259954911262
159.23545541109036
155.5189099066556
159.23545541109036
190.39847009449124
160.96533269775685
157.88297115631752
160.96533269775685
184.0419765686083
159.13979894507088
156.34787703981658
159.13979894507088
187.9461476112058
154.2843970096554
152.065807954409
154.2843970096554
151.91948242570365
156.04069871558931
156.04069871558718
162.52967361039757
164.169765555509
152.10975705180428
152.10975705180428
159.8795044690176
158.978694032937
149.12832892078038
149.12832892078038
158.91580377905186
153.84370182904283
146.48385654976101
146.48385654976101
146.48385654976101
128.9246805527203
115.61177594693318
75.32132588150644
0.0
0.0
130.01872254517585
130.01872254517585
130.01872254517585
130.01872254517585
139.52940576030147
139.52940576030147
139.52940576030147
132.72431405877248
133.07200134239017
133.07200134239017
133.07200134239017
121.79632467223307
129.83628782346943
129.83628782346943
129.83628782346943
121.49355980021751
149.986373460768
149.986373460768
149.9863760538666
120.61368558016144
145.13594927710807
145.13594927710807
145.1359519458994
120.76613066723162
141.67076653509702
141.67076653509702
141.67076931209405
120.75569158221731
139.44947302907343
139.44947302907343
139.38525319848964
121.63134772618255
137.7214224282452
137.7214224282452
137.66433966471638
123.05831559402338
139.7656956195555
138.88900762143834
139.76569561956532
119.4260342455175
115.19513966425964
113.01782273868069
0.0
0.0
120.5739784492577
120.5739784492577
120.5739784492577
120.5739784492577
140.29455955553593
140.29455955553593
140.29479677757914
140.29455955553593
134.29677315746883
134.29677315746883
134.29707560897884
134.29677315746883
154.16962251919108
154.16962251919108
154.17614494819566
154.16962251919108
169.75794971821932
169.75794971821932
169.7627620354596
169.75794971821932
168.5778757809064
168.57787578090634
168.58281608932907
168.5778757808921
162.99661079537768
162.49904741743072
163.00217223169105
161.7419547338374
160.93572339275397
159.29648427675937
160.93791665100204
146.67349325851802
157.82756483704776
156.62113906635201
157.83370104018982
141.92082631988802
164.89407962008812
164.89407962008812
164.89407962008812
140.5320355127268
122.51398937313363
97.0589066639134
0.0
0.0
127.48896202196671
127.48896202196671
127.48896202196671
105.45447800368039
91.35288880118469
86.47614965655627
0.0
0.0
0.0
213.82731447338006
213.82731447338006
213.82731447338006
213.82731447338006
208.96134022666072
208.96151333871686
208.96134022417678
212.20872752719836
181.8024722191625
181.8024201133457
181.802472230572
130.19923427328916
173.24195547119115
173.24195547119115
173.24195533079464
132.76143659754118
174.93928420411197
174.93928420411186
174.9408281369037
132.62103911738984
167.0735239446924
167.07334713842258
167.07685617205487
129.54328787076452
161.45437492233322
161.4542156097123
161.45898481057765
127.74756744367471
161.5700406398321
161.5695533909872
161.57462199912337
135.2500405984067
157.8113654205622
157.81130437808477
157.816803642803
142.55964050056502
154.80417695289296
154.804103257483
154.81029893819263
137.6506469261997
152.41560349646798
152.41553050900902
152.4222686434446
135.09722218002108
149.8660676554334
149.8660676554334
149.87299511575407
135.98207574470754
148.11015315907886
148.11015236592206
148.11779491451802
134.000195878808
152.1668598032449
152.1667683021847
152.1735586277691
129.62772727481402
150.91393806997374
150.91393684488258
150.9209437260434
164.0933364147584
150.22724215820338
150.22724215820338
149.01930425136234
128.66093751667952
154.15994130910107
154.159941309011
152.4704199380721
140.05986805888492
152.50142262945886
152.50142262945886
151.0648009660116
186.51854997217103
151.0120778100698
151.0120778100698
149.7270158966116
181.45836818258965
154.97597277829956
154.97596943185118
153.20355679992517
126.25658168647956
153.56696732533658
153.56696732533652
151.90034286022674
151.0648778724303
152.28573887012058
152.28573887012053
150.7721785437723
134.48369911707837
151.19834196479246
151.19833834220498
149.80223040635468
166.7726465856326
150.20103955600925
150.20103595023258
148.92562118738354
160.50659097493107
149.2835214378762
149.28351796058854
148.1191155226014
158.89139907831728
148.43658163652697
148.43657833968476
147.37464875485173
158.20310031638007
148.19117913772737
148.1911718812489
147.15785156544106
133.49466437980703
147.31159653950905
147.31159653950905
146.41850384570074
143.7578063438668
146.7074154412054
140.0154401158559
145.8543976424361
136.46922402161312
147.97459922834986
147.97459350640202
146.9695283554938
130.73035947578055
150.73093862473795
150.73078152180068
149.40886936914336
125.64057915249285
150.00628961645094
150.00625021042936
148.75393739381806
167.67194329249162
151.38331083609563
151.38331083609563
149.96264793803005
128.21479427691514
150.8989096220233
150.8989096220233
149.60506279128705
132.39927480004766
152.98437208231556
149.4549134010682
151.40010887250318
132.93699386872805
153.59179909751467
153.59179876990788
151.90522853716138
225.1066284407888
155.64516751727547
155.64516751727547
153.70971063764526
137.84153479424262
154.73420461364586
154.73420461364586
153.23118696105783
135.86160858777046
154.05372219230367
154.0531316728089
152.30993824024455
136.2231926459054
153.9164490414539
153.91582730120228
152.1885895957161
132.84523001003683
154.64079168177753
154.63955411969383
152.83567400549185
222.1648881261921
154.92196222995253
154.92196222995253
153.08839166261777
127.61884239176297
154.3785482971935
154.3785482971935
152.70900967457501
131.7609065502573
153.65327135731835
153.65327135731835
152.1129789559929
131.77058399838327
154.98815099374053
154.98815099374053
153.13122740449654
133.42764990129956
154.37070707335587
154.37070710702292
152.5937801195217
139.70560032808365
153.77898612772768
153.77898615981863
152.0736014236587
133.41719125991474
154.0356297551547
154.0356303363939
152.29338483930118
217.71260936598028
153.47488477765032
153.47488481106203
151.8062271131934
135.80700440702853
154.76979103618868
154.76979103883247
153.7418022146931
129.21815775251454
156.16728245592125
156.16728245959294
154.96083795589416
134.25295665537882
155.50649997970675
155.50649997970675
154.55296259346267
134.47800446260578
154.87046748867678
154.87046748867678
153.9878722379621
134.49272406687314
155.1109942595505
155.11099968500704
154.03147222700161
165.042108477227
154.60221402216735
154.6022149368012
153.59044078436645
144.64326169442825
155.71698877885706
155.71693706424924
154.57405243338695
169.94024024630465
156.77473678211385
156.64570791275904
155.50066250841158
130.6655580653445
156.28755634548628
156.28464261475887
155.0532130621371
139.78293997760096
156.89859304844126
156.89859304844126
155.5843389366982
134.54896766910937
157.0574100728091
157.0574100728091
155.7361318564633
130.6441026237472
156.49038648548031
156.49038648548031
155.37375479356166
191.47272212417084
155.94125555410412
155.94125555410412
154.89003043624277
194.86074812080025
155.8028466900829
155.8028466900829
154.6765653082453
180.10069433664523
155.4011950442398
155.4011950442398
154.37977326027988
181.71373606866635
155.05562513388304
155.05562513388304
154.06495154972313
178.25496218880016
155.4619233886873
155.4619233886873
154.39507830087197
143.16799780127928
155.12886595526984
155.12887971735125
154.04688047035506
137.1275334126517
154.72204794164824
154.7220587192273
153.6939031820458
142.8017389182223
154.5017437126455
154.5017639844662
153.50107371228046
169.22261468147954
154.0478921311859
154.0478921311859
153.20048639592827
153.0121120372852
154.7592885973869
154.75928865843736
153.73026857657632
185.6345960739824
154.38375162557637
154.3837864164336
153.39935839134498
168.0930352506664
154.12728110708173
154.12732962742535
153.17570284506934
133.13135498634603
153.76606020224176
153.76606891190474
152.86288241623208
136.46258776554973
153.41409570975264
153.4141035854672
152.55692285871277
135.42658489807508
153.12014827672263
153.12015833294677
152.30100977530003
134.0092953244205
152.9199507152674
152.9199655496818
152.12636780734368
172.29195922712583
152.72174482161992
152.72174489761903
151.95522334930558
151.71558217727488
152.3094135966508
152.3094135966508
151.80701690754395
144.9782493667258
151.89505174957705
151.89505174957705
151.49154646891324
153.2647577541946
151.52791141923132
151.52791141923132
151.00023891689597
131.35232508368537
151.1341882405398
151.1341882405398
150.79050185974498
152.51200013444898
151.51478341285815
151.51478341285815
150.94529801412938
183.80315981182366
151.92107868974423
151.92107868974423
151.2969951237648
184.35086764845764
151.65043587237136
151.57049989100315
151.02261475943317
145.77796159055308
151.95663766819163
151.9288362581294
151.29380715739862
132.85146791999912
152.49502098618822
152.49502098618822
151.75672102044092
155.17956157543367
152.15364329700148
152.15364329700148
151.54151539808421
194.02793188068787
151.81985964637573
151.81985964637573
151.24658861769763
194.48284086800635
151.8926877609425
151.8926877609425
151.2457616247697
186.64651917529554
151.76929549509444
151.76932589390125
151.12599115955982
166.5289750046533
152.49776094922473
152.61789919439204
151.88090476902465
199.15931584055988
152.93999992232847
153.49576801452207
152.64844620040031
135.04199285346303
153.5667547209908
153.56679252105613
152.68870672275787
153.69722273457984
153.943999944001
153.943999944001
153.01606264718245
141.5975872962399
153.82353052536595
153.82353052536595
152.94113412187548
127.42800834955082
153.86817888284193
153.86817888284193
152.96051310806595
193.26923450295024
153.5578376946789
153.5578376946789
152.72968804705152
137.89626406549107
153.25350077344046
153.25350077344046
152.4634583204461
135.1005236627061
152.95523743841503
152.95523743841503
152.95523743841503
149.75076652325652
128.67365962419368
-2.3431491598237812
142.54025252203144
139.73224661745647
138.42619077553772
138.11054607526958
138.84560978575902
137.4988208757614
136.57372104741333
122.60324920408073
128.8489570480856
135.9974529193468
131.69382739744145
134.73027220970252
125.45843327816064
134.69365967207852
127.19905539768983
134.0573796586573
130.57324322655654
133.70849571683365
128.06796669391613
131.11504354227534
130.4466799006925
97.10206919446509
124.14137768455859
102.48666354027651
129.7753305536609
131.02564213696968
129.89671758174651
121.81498920714156
130.75660590574705
128.3269662766358
130.63807572813852
129.2303132590932
128.9866325899532
110.75743139448517
129.26883171012196
100.06280423645113
138.9332702769674
121.01457225598517
100.60791472811722
61.25669385842856
145.16704632883176
131.97567598391012
121.37250184409565
113.13304421964396
109.55153874745929
110.17101915946968
108.89689814742707
110.46921753085063
110.30299195272418
111.28074265883062
116.93541971882124
116.95483081451698
126.95401977627526
123.3730825687696
125.73362386421032
123.97106610250177
124.37943452209052
125.1693177509259
125.08891453592555
127.09548390239131
126.78032337648392
126.64753006744185
126.27141130106716
125.90251583237325
157.5825366931933
127.53364022682298
126.04634142662918
127.02978225047436
147.93889123102642
126.54615605494654
127.10585230464744
125.52164468096618
157.31396978668184
105.26799078187234
124.5311748009266
125.18089605012942
125.90005879547567
125.65571048332532
125.24347456120323
125.18501729745519
160.23732647629262
136.0256122920015
118.03062593270809
56.99565418580427
132.51694363476201
116.5499761898453
104.16000096434179
93.77163396128417
160.84341433806725
25.438036859960704
53.97963254396649
151.26534962907564
149.81534607525987
146.77216341546273
145.22882164776837
145.01326894693034
146.1701798592813
144.11524186602492
144.3556368925172
143.78190673122415
147.67610195721784
124.64064605115585
106.94672899334503
37.277482597236876
162.4108972348519
156.86563603094893
149.85322131647195
146.16370865708907
144.54821304792785
152.27996061198508
152.06655681684077
151.63690953886635
147.75834005081583
124.08477469647366
149.93790246262748
149.54419076125737
132.39227304055493
148.6642749130807
146.96833426777349
147.48762387385358
134.3200208435005
145.9307139542921
138.48148731417828
140.04641034640252
130.33107549688805
144.9794563648179
144.2897393841994
143.86245848802548
134.1257155184966
143.2515115548246
141.79649192018908
104.74154008534941
128.39514989752985
139.94594566101554
141.0645154597398
114.59761445266423
129.62895303371616
106.96339880313465
136.3845689440765
139.18115690019692
127.93657783660599
113.17139428772202
137.53687756286166
128.71894328166164
125.46562578690214
110.175248325809
119.03540544524083
108.30365641758301
128.37138712006634
132.2016208977257
129.499814031356
130.01969831641938
0.0
123.21192877221175
123.21192877221175
123.21192877221175
123.21192877221175
123.21192877221175
123.21192877221175
123.21192877221175
123.21192877221175
123.21192877221175
123.21192877221175
123.21192877221175
123.21192877221175
123.21192877221175
123.21192877221175
123.21192877221175
123.21192877221175
123.21192877221175
123.21192877221175
123.21192877221175
123.21192877221175
123.21192877221175
123.21192877221175
123.21192877221175
123.21192877221175
123.21192877221175
123.21192877221175
123.21192877221175
123.21192877221175
123.21192877221175
123.21192877221175
123.21192877221175
123.21192877221175
123.21192877221175
123.21192877221175
123.21192877221175
123.21192877221175
123.21192877221175
123.21192877221175
123.21192877221175
123.21192877221175
123.21192877221175
123.21192877221175
123.21192877221175
123.21192877221175
123.21192877221175
123.21192877221175
123.21192877221175
123.21192877221175
123.21192877221175
123.21192877221175
123.21192877221175
123.21192877221175
123.21192877221175
123.21192877221175
123.21192877221175
123.21192877221175
123.21192877221175
123.21192877221175
123.21192877221175
123.21192877221175
123.21192877221175
123.21192877221175
123.21192877221175
123.21192877221175
123.21192877221175
123.21192877221175
123.21192877221175
123.21192877221175
123.21192877221175
123.21192877221175
123.21192877221175
123.21192877221175
123.21192877221175
123.21192877221175
123.21192877221175
123.21192877221175
123.21192877221175
123.21192877221175
123.21192877221175
123.21192877221175
123.21192877221175
123.21192877221175
123.21192877221175
123.21192877221175
0.0
0.0
0.0
0.0
0.0
0.0
0.0
0.0
0.0
0.0
0.0
0.0
0.0
0.0
0.0
0.0
0.0
0.0
0.0
0.0
0.0
0.0
0.0
0.0
0.0
0.0
0.0
0.0
0.0
0.0
0.0
0.0
0.0
0.0
0.0
0.0
0.0
0.0
0.0
0.0
0.0
0.0
0.0
0.0
0.0
0.0
0.0
0.0
140.53681320491725
154.08750108508568
146.31816069744673
142.30860148441994
0.0
0.0
0.0
0.0
0.0
0.0
0.0
0.0
0.0
0.0
0.0
0.0
0.0
0.0
0.0
0.0
0.0
0.0
0.0
0.0
0.0
0.0
0.0
0.0
0.0
0.0
0.0
0.0
0.0
0.0
0.0
0.0
0.0
0.0
0.0
0.0
0.0
0.0
0.0
0.0
0.0
0.0
0.0
0.0
0.0
0.0
0.0
0.0
0.0
0.0
0.0
0.0
0.0
0.0
0.0
0.0
0.0
0.0
0.0
0.0
0.0
0.0
0.0
0.0
0.0
0.0
0.0
0.0
0.0
0.0
0.0
0.0
0.0
0.0
0.0
0.0
0.0
0.0
0.0
0.0
0.0
143.55793084868282
132.6856688548647
129.78701258393943
0.0
0.0
143.55793084868282
132.6856688548647
129.78701258393943
0.0
143.55793084868282
132.6856688548647
129.78701258393943
0.0
122.83502443756811
112.53660487910527
115.85489375200756
