0.0
215.40623107351482
215.81329297508663
217.38555559454576
202.16464414889836
186.33682442224543
200.7326296224421
203.93105202799617
185.96105137278008
209.03288676339483
207.67560242160886
221.4287300519693
192.8573002278446
214.55565849011927
187.6112090553192
198.85380162604912
183.3477879688796
212.42219441568707
186.94639065647164
197.86269180803978
183.8987559398365
218.33199944183764
186.91874675279507
199.8585250410963
183.85613167335916
216.3615338076662
186.82078228354396
199.94649026717184
183.8928995848737
212.21640115790126
186.8206473494896
199.91121096586673
183.94637844537505
212.80463767663377
186.75249389734353
197.96650428688577
183.81919933702423
213.3537474568655
186.79883699882595
199.86963935326324
183.79087410458453
220.07133038243535
186.80230184021045
199.61479161396275
183.85475076728815
217.17519705351754
186.77631962313762
197.11945494442523
160.53454520065458
201.00599122949893
205.8139482900371
216.1460837755435
190.72169321209307
218.26116773136798
187.32172189033534
199.89247831213746
182.79017458261936
218.348437127522
186.69901973719948
199.20133564974876
183.61097622464288
217.92740941509666
186.75807969034594
199.41426241215086
183.68155473435445
218.54769852265724
186.76415553130553
198.33825279557988
183.71474962802935
215.64830639592094
186.7802428193487
199.54006893397712
183.4609691761832
219.65674768327239
186.74999794807428
200.03555546650279
183.75203590405619
213.95689575437444
186.7752346691335
200.028600439712
183.53807526987916
213.73917251842636
186.7376770585136
197.34144083571027
183.75486863360732
212.00977188732756
186.7536557399272
199.9556399168198
213.56675414875542
209.3640823987432
197.136778662687
182.86253836400866
177.17524923093106
175.02563916339423
160.27127140377632
162.10330964471197
199.97134377539598
169.06417500567323
170.00497602543157
175.3940082603986
196.68229816321207
172.70177409258162
154.2798544752948
179.67888727193522
159.22804849937833
207.00546138703223
144.4337582227217
138.50863772402374
196.28953580976918
173.0562304115318
184.96398485870498
173.14263682735486
205.49868670442703
184.22834582857922
175.44437659493397
163.42757499547628
205.9637146446016
179.36599096538933
176.01635497908353
159.08988076116378
207.5818112122891
183.08170770766463
173.65174332786538
177.58202243759428
209.3256595422639
195.20891716976735
168.43185995839556
185.47014139830736
197.01537913207574
212.4976290670237
215.51271869108405
218.0691514311112
198.97493402585027
215.97057739717874
190.08654539884049
201.52490946279048
187.39709835523584
219.66727179604936
189.086975291525
199.99723640489123
188.0699266246929
215.20224994169905
189.5620986744591
197.3629565545938
188.10011403055435
217.924230454166
189.28421418527424
201.29860949102851
187.7110017555292
216.56699813330997
189.4976893943278
200.65500876881148
187.84742963377929
218.54387295246033
188.96481959036115
199.68313770903683
187.9017868769986
218.74803859321418
189.1073656822334
200.73615130390192
187.45183587173534
215.03027101021996
189.23360253915664
197.49845355035353
187.67686089301634
214.85569821382435
189.5456949624675
197.32756974614
187.89407580483407
191.81997559908578
183.77754161944523
172.92180582065828
223.2372017259685
214.40970870272213
196.34769526574684
199.36668929020638
222.07152766086702
209.72610582310492
202.37374908228674
190.18942385169504
222.55683423795597
209.48958624228584
201.5317660387347
187.00791254515642
222.8502112805098
204.39989647920262
199.56891314476894
186.9567579793349
224.2891275316149
200.4493467082774
191.61141113586496
189.58073486568958
223.8625342518191
206.05694794832928
195.33839732950028
189.68677956556448
223.75132145173973
207.45333282532496
195.5769101361845
191.2028805878741
223.70334253614112
212.85310634601734
196.09030880666924
194.5441513697071
222.61761969442912
212.37450389196465
197.90819653152468
192.63920779518418
