0.0
219.3006084226224
218.70724888058083
214.1471497308566
204.44844859172622
216.5511409144317
190.28276459325122
198.1273345166626
185.79159165649844
215.07695483579633
188.6809793370274
196.4117807190077
184.76627702564724
214.72809265515153
187.84330506435862
195.9242303132562
185.63884293151034
214.39280253559943
187.88179324959546
195.45661623482303
185.62555585001996
211.72733939029035
188.01969262890916
194.73459866255925
184.9867769923535
213.29477756769475
187.75072416926088
195.0311853111978
185.2124495140167
215.8155072749684
187.78264440636607
195.1199967459534
185.38893281462563
215.60092444116592
187.4783754842226
194.96354009706505
185.02307567280994
212.6257809199067
187.60271303686838
194.92466463502558
