0.0
0.0
0.0
0.0
219.46861991701283
218.35027707338728
220.11281373693086
203.4265208713365
217.98507740796157
189.93839787925884
198.39467077795263
185.14235488735034
214.59673328830888
187.2533276459666
198.1812454321376
184.65966718558738
219.47891933860478
186.829033188697
201.01710301077813
184.39491356661514
218.85931142504649
187.3603742711495
200.06397280505257
184.30213333228755
218.80704473517736
187.08149870421437
200.80634868834358
184.11518177309236
212.70275109423616
187.11115406831235
199.91134678422569
183.05995662759918
219.0252855512188
186.76583860144012
200.63936909552027
183.2676742609811
213.11733018011532
187.0219326571696
197.96470627214444
182.9608678837841
213.4974536961123
186.60628000512628
199.76621376801216
0.0
219.64150880452064
218.44739979826437
221.51296967429292
203.2909088781961
218.46669715765958
190.0306556682896
200.96744653153291
184.94965668103362
217.420498446412
188.08196381903292
201.1384952526423
183.6051436472691
217.10195200143383
187.12315459083743
201.07955123460906
184.37034075148094
216.70102668452404
187.17893017217747
199.85754317430766
184.31409284791715
213.13694764772947
187.36896009753775
196.89909378691584
183.5879132628342
215.2345618132693
187.03842615101766
198.86508956951212
183.8001468753831
219.55193927436324
187.0986918225083
200.68687924887072
184.00623067246602
219.0425098473994
186.6719085795427
199.60676507652167
183.55541732117385
214.4131755157963
186.86726566589107
200.61215630696225
