0.0
144.11259253883682
52.70025662456882
81.4129790017513
0.0
130.6807571937428
130.35515096815348
130.242904476569
0.0
144.09703980433616
46.106516623914416
92.49743195069834
0.0
144.11442882509976
47.190300875899396
95.46433242239749
0.0
143.5580493388423
132.59765310632065
129.73348505179882
0.0
143.55793084868282
132.68566885486442
129.78706163599892
0.0
143.55793084868282
132.6856688548647
129.78706163599892
0.0
143.55793084868282
132.6856688548647
129.78706163599892
0.0
143.55793084868282
132.6856688548647
129.78706163599892
0.0
143.55793084868282
132.6856688548647
129.78706163599892
0.0
143.55793084868282
132.6856688548647
129.78706163599892
0.0
143.55793084868282
132.6856688548647
129.78706163599892
0.0
143.55793084868282
132.6856688548647
129.78706163599892
0.0
143.55793084868282
132.6856688548647
129.78706163599892
0.0
143.55795963961464
132.62877114780645
129.94532931718936
0.0
143.55795324025686
132.58995031674993
129.9400738838035
126.37856097890248
121.789537794201
116.88494206118212
115.71390760529094
114.40316002819947
113.35288535863546
111.22400967705086
112.50726479885743
111.14986542833729
110.8410379170659
108.95105693242841
111.65148302708009
109.84053569256464
109.36256911128419
107.85499115541202
110.52983070850985
108.74679336896516
108.40041950467393
107.11805423501784
109.70742050949015
108.04022695056267
108.02159209898409
106.62004488332086
109.88495547753631
108.25261068685903
107.67282842293986
106.2919250407166
109.13448798543357
107.36556427751786
107.04831996639521
0.0
143.55795302197862
132.60193688170963
129.95913236964162
126.33627078680219
121.79643226092224
116.65009370723264
115.87864019593448
114.32951391852271
113.37724054035552
111.17840134939057
112.6335617074966
111.35064100787689
110.72940551134707
109.00098224519338
111.22145150374111
109.63532895587767
109.54484176197685
107.84864842656256
110.5732167936896
109.01152283880619
108.43653984065273
107.08724313170545
109.44807648224027
108.46554024150153
108.19231995098701
106.50055636486184
109.50397283077795
108.0514665168076
107.7382103214246
106.10887593261191
109.77953837243969
107.48665875856094
107.17413903288055
106.00535739528374
109.2087333685435
107.82860096524585
106.86624756281344
105.5636329431554
108.77699678349605
0.0
130.68157380489617
130.36744791768643
130.2525408543305
0.0
143.55795368615375
132.59784515457216
129.9511601925231
0.0
143.5579526728261
132.60528016892897
129.94784925472845
0.0
143.55795028420488
132.60402690924607
129.9473384979442
126.36072422709658
121.78892072077811
116.79884297701773
116.1361274568943
114.43204100116364
113.4437663029108
111.19981984808867
112.82633750520736
111.35864365219484
110.62691025667911
109.00634566065428
111.76318960789591
109.91660764522237
109.16523478091084
107.84207804129683
110.3958014641944
108.98394999514176
108.42511512686019
107.02222634501099
109.79277085702233
108.42081869310182
107.814431553709
106.59661701486692
109.03678202386497
107.64484586511698
107.35263560160375
106.10765696972335
108.99121654192963
107.75602239897682
107.47367649681527
105.99964629835489
109.55948069472443
107.44804034210014
107.28826124237213
105.6998920550547
109.52731820966369
0.0
219.68814499001124
219.17718378125826
217.9557866527373
0.0
219.64862591691863
219.13378836290056
221.25170530642106
204.94333824861928
216.8668202360392
187.97555612473028
200.18052742737174
184.15851474941144
218.7539440362969
187.89655483182167
201.12384090129495
185.87409684121425
214.79385772284553
187.8300240070536
200.47539957573457
185.18475629695808
219.59186959984737
187.9674545286353
200.13876756462358
184.9922593397438
215.3078424954269
187.65575259229803
198.80975374796157
184.54591913363316
212.9676065857388
187.73840584642357
199.38744015573855
184.5729058783562
216.8253865448291
187.72130017609766
197.65640882487546
185.11247709041487
215.04807905127
187.64368894196673
197.4477093089879
184.43493735422345
219.26639047586562
187.68429645629658
200.34321499097368
0.0
219.68265383111287
218.81871102589523
219.51129713441335
204.9922437588408
219.2717804474137
187.98655391625434
200.39696200778107
185.5982295139042
218.36487246697072
187.9145276324347
199.35988307672798
184.6878702584257
219.58956895549727
187.71378457449975
199.6117422845238
184.28856996423804
216.162326431593
187.71440405977307
200.88878823042833
185.59966277190182
219.59013876393257
187.72471491966576
199.03106555966934
184.6420249605322
218.68217421322151
187.7218531973562
200.69532133412739
184.7475433916546
213.8012820798726
187.6512471350262
200.5626221193034
184.8301850074783
216.34440224332704
187.7032128508373
200.32233716693125
185.2904195774538
217.42676655325926
187.708824778443
200.37776808044913
