0.0
215.40623107351482
216.53709281293908
211.86431927245457
203.41937217170155
186.33682442224543
201.99295056663624
193.65584138623268
187.6569725385275
209.03288676339483
208.6907982917632
205.97151328278952
194.0699582450358
214.55565849011927
187.8317425425842
197.18194214734294
183.80510248628678
212.42219441568707
187.34108808741638
196.93664250806867
184.57707071024538
218.33199944183764
187.32309129766332
196.54461615322853
184.54266484417215
216.3615338076662
187.53661712105446
196.33142320028117
184.65319075042123
212.21640115790126
187.47005429961095
196.3322262808253
184.75523909783502
212.80463767663377
187.71106073437699
196.7782534588458
184.5699425320367
213.3537474568655
187.46463781374402
196.06715347279786
184.53506020825202
220.07133038243535
187.38740302970973
196.45498806585036
184.66788380523337
217.17519705351754
187.51129889454853
196.76790246480908
160.1311730624039
201.00599122949893
207.00548585980596
203.37719818255428
192.1274769191366
218.26116773136798
187.7125030941556
196.12769278394686
183.57366146499407
218.348437127522
187.0796153975702
196.29915053146544
184.51729694919368
217.92740941509666
187.46385113058625
196.28981416838153
184.58438998073416
218.54769852265724
187.42399202290022
196.3979771801737
184.61557333961048
215.64830639592094
187.28054556864873
196.26116011554208
184.26097358606532
219.65674768327239
187.15151611410784
195.91557396988517
184.64614314589747
213.95689575437444
187.26471296904518
195.9309542614067
184.250444214826
213.73917251842636
187.13895694356023
196.40122397400677
184.6497818394987
212.00977188732756
187.41745287866203
195.6995826306686
219.36887179067725
209.3640823987432
197.46535392799564
180.40332251132054
178.08716142365128
175.02563916339423
160.29400017468808
160.48410977049699
205.5827964568457
169.06417500567323
170.20621113309838
170.53445525359297
203.4452007538218
172.70177409258162
154.4094242615655
172.57000783203267
160.4666918777902
207.00546138703223
144.40758399923445
138.12263207195056
204.90328170985134
173.0562304115318
185.46954694802398
168.0462932004761
219.3200395498015
184.22834582857922
175.65226091755432
160.6800120950762
219.74724475259902
179.36599096538933
176.16774412592693
157.0522309711179
222.65700821744764
183.08170770766463
173.75067693785968
172.04406654285143
227.36988387468642
195.20891716976735
168.4434787422845
177.6080758168201
186.4050108626156
212.4976290670237
212.96816134810112
225.5715026502234
197.0215198298198
215.97057739717874
188.4880415485127
211.11727563132558
184.83167866921528
219.66727179604936
187.8733375803652
211.58336284360192
185.63738005062825
215.20224994169905
188.1346666091444
211.9114672262545
185.6633341309602
217.924230454166
187.88550846702287
211.1514430555089
184.88916590628068
216.56699813330997
188.06656758519688
211.43215824505802
185.1887027112104
218.54387295246033
187.9183330588409
211.65989591255425
185.31027844072614
218.74803859321418
187.84705737742817
211.3769021601409
184.38870141164486
215.03027101021996
187.85048431922505
211.89365036714207
184.87903240874184
214.85569821382435
188.1250262387595
211.90611983616972
185.33621293887165
191.81997559908578
183.20403042663642
173.3267249375494
219.8551769937739
214.40970870272213
193.41872580164807
208.81637124213438
217.07774705298885
209.72610582310492
198.9796322306385
192.59256509961924
217.59023720649012
209.48958624228584
198.44128408116973
187.6163400183527
217.9941048571769
204.39989647920262
196.4887318128135
186.44487936009546
221.32383349706578
200.4493467082774
190.14316099075967
190.2149408108578
219.80586981163674
206.05694794832928
193.08016684509195
190.15560580756062
219.71824418514228
207.45333282532496
193.24366547102613
195.25365986692273
219.91893762527798
212.85310634601734
193.7866790684757
202.76354864030634
218.06869015629366
212.37450389196465
194.3621832046846
197.98384696341353
