0.0
219.3006084226224
218.33802385213613
221.51296967429292
203.28015210883638
216.5511409144317
190.08590150682738
200.96744653153291
184.98615217068988
215.07695483579633
188.11158346520517
201.1384952526423
183.6346907157394
214.72809265515153
187.14399795108528
201.07955123460906
184.3848498365732
214.39280253559943
187.191713267056
199.85754317430766
184.3233264649985
211.72733939029035
187.37585041637462
196.89909378691584
183.59997842647505
213.29477756769475
187.0423827531602
198.86508956951212
183.80762154929795
215.8155072749684
187.1002797195142
200.68687924887072
184.0094923335205
215.60092444116592
186.6678861271577
199.60676507652167
183.56118239080448
212.6257809199067
186.86420090771546
200.61215630696225
