0.0
219.64150880452064
218.8347155571679
214.1471497308566
204.46169280216458
218.46669715765958
190.21919569109113
198.1273345166626
185.72470752866934
217.420498446412
188.65007254218455
196.4117807190077
184.64938296757015
217.10195200143383
187.83517608092643
195.9242303132562
185.6120205061433
216.70102668452404
187.87515209197136
195.45661623482303
185.61028828164206
213.13694764772947
188.01391018000663
194.73459866255925
184.9406117273409
215.2345618132693
187.7530805690343
195.0311853111978
185.19265322577255
219.55193927436324
187.78423693938683
195.1199967459534
185.38302433260066
219.0425098473994
187.51056120951748
194.96354009706505
185.0003058564959
214.4131755157963
187.6149746653799
194.92466463502558
