0.0
0.0
136.68045895780895
136.68045895780895
136.68045895780895
136.68045895780895
127.22264475552046
131.9491885847501
127.22264475552046
127.22264475552046
159.97587419699346
152.21332330089797
159.97587419699346
159.97587419699346
149.95544553429082
146.63752836946824
149.95544553429082
149.95544553429082
142.53702524528413
141.36594620359315
142.53702524528413
142.53702524528413
142.53614695174403
137.8518937623223
142.53614695174403
142.53614695174403
143.1540033243766
138.9623284015067
143.1540033243766
143.1540033243766
143.15469890827382
142.44094349557037
143.15469890827382
143.15469890827382
143.15659947231242
151.94566424474678
143.15659947231242
143.15659947231242
150.1086356699725
155.23834542160148
150.1086356699725
150.1086356699725
150.1081088413158
152.07684664408237
150.1081088413158
150.1081088413158
150.1076696547417
149.44128811185794
150.1076696547417
150.1076696547417
150.10745403980093
148.1473827711858
150.10745403980093
150.10745403980093
150.10716928312584
146.43855793377705
150.10716928312584
150.10716928312584
148.9603731209977
146.14790340529225
148.9603731209977
148.9603731209977
148.96072565564396
148.61599856273665
148.96072565564396
148.96072565564396
147.17092366117217
147.79395993767397
147.17092366117217
147.17092366117217
149.98831904782705
149.1681246840038
149.98831904782705
149.98831904782705
147.03504596601184
147.6568626595005
147.03504596601184
147.03504596601184
145.04049441647157
146.52872515189165
145.04049441647157
145.04049441647157
145.0403938394758
145.42227771537924
145.0403938394758
145.0403938394758
143.22829577034088
144.41646557937736
143.22829577034088
143.22829577034088
146.64862835668006
146.2981043840509
146.64862835668006
146.64862835668006
149.03543699165115
147.70505541404586
149.03543699165115
149.03543699165115
149.0353719809197
146.79483979485912
149.0353719809197
149.0353719809197
149.03530052620115
145.79440270223202
149.03530052620115
149.03530052620115
149.03525672750135
145.18117723624005
149.03525672750135
149.03525672750135
154.8393256664847
148.4282368999691
154.8393256664847
154.8393256664847
156.93798246212137
149.8072133543432
156.93798246212137
156.93798246212137
156.93793956687765
149.12084658851123
156.93793956687765
156.93793956687765
156.937899395288
148.47806083668368
156.937899395288
156.937899395288
154.91231934661468
147.66630345952558
154.91231934661468
154.91231934661468
154.9122771716563
146.94928747027402
154.9122771716563
154.9122771716563
154.91224159673484
146.34447771777016
154.91224159673484
154.91224159673484
154.91238529803792
148.78754387658012
154.91238529803792
154.91238529803792
154.91234544098822
148.10993330110028
154.91234544098822
154.91234544098822
154.91230769885436
147.4682803317278
154.91230769885436
154.91230769885436
154.91243954071513
149.70972321418864
154.91243954071513
154.91243954071513
154.9123966608397
148.9807228910747
154.9123966608397
154.9123966608397
153.3599070355737
148.43036935810952
153.3599070355737
153.3599070355737
155.25833219538424
149.43038189597215
155.25833219538424
155.25833219538424
155.3301740121429
149.60335060146343
155.3301740121429
155.3301740121429
156.24850928710902
150.18502969112004
156.24850928710902
156.24850928710902
155.78432919852096
150.09073759901446
155.78432919852096
155.78432919852096
155.78429828139326
149.4105292234803
155.78429828139326
155.78429828139326
155.80319493408567
149.55853494278492
155.80319493408567
155.80319493408567
154.5885652142981
149.0711481295609
154.5885652142981
154.5885652142981
153.47083105674554
148.60392756573802
153.47083105674554
153.47083105674554
153.4708139033891
148.1750768830365
153.4708139033891
153.4708139033891
153.47088470718603
149.94524347221127
153.47088470718603
153.47088470718603
154.72478758960378
150.6536289945501
154.72478758960378
154.72478758960378
153.73829919894615
150.21969475975126
153.73829919894615
153.73829919894615
155.19889310946425
151.05772978590042
155.19889310946425
155.19889310946425
155.41631887408468
151.25118412967535
155.41631887408468
155.41631887408468
155.4163009523208
150.7314342211559
155.4163009523208
155.4163009523208
155.4163400612725
151.86563452769516
155.4163400612725
155.4163400612725
155.8089677197068
152.13457591418327
155.8089677197068
155.8089677197068
155.50342642872317
152.03461740370392
155.50342642872317
155.50342642872317
155.50345929156458
153.06056364808683
155.50345929156458
155.50345929156458
156.56243479912823
153.66611906802956
156.56243479912823
156.56243479912823
155.62772966584635
153.20810355684907
155.62772966584635
155.62772966584635
155.62771622541544
152.76460985096546
155.62771622541544
155.62771622541544
156.3359082385929
153.1923217560993
156.3359082385929
156.3359082385929
156.33589679330174
152.80321881865473
156.33589679330174
156.33589679330174
157.56172126370367
153.5176589867711
157.56172126370367
157.56172126370367
157.56172840004243
153.76740931009883
157.56172840004243
157.56172840004243
157.1301157659294
153.59225280001868
157.1301157659294
157.1301157659294
157.13010528870612
137.06076175268382
157.13010528870612
157.13010528870612
157.13009248972176
136.77379631788943
157.13009248972176
157.13009248972176
157.44023710957882
136.8547218327545
157.44023710957882
157.44023710957882
158.40887093621387
137.06238247613638
158.40887093621387
158.40887093621387
159.64273878431868
137.32520667800935
159.64273878431868
159.64273878431868
158.70651806485967
137.16814401062246
158.70651806485967
158.70651806485967
158.70651150252286
137.07403533422828
158.70651150252286
158.70651150252286
157.7754494140184
136.91660233842302
157.7754494140184
157.7754494140184
158.83337682272804
137.14718502152556
158.83337682272804
158.83337682272804
157.94273661304248
136.99290471405
157.94273661304248
157.94273661304248
157.94272681692613
136.84243932931685
157.94272681692613
157.94272681692613
157.0918714166436
136.69578340273563
157.0918714166436
157.0918714166436
157.09186231284795
136.55269986088683
157.09186231284795
157.09186231284795
156.27835537780982
136.41314939801427
156.27835537780982
156.27835537780982
156.27834717964302
136.28137104519604
156.27834717964302
156.27834717964302
155.46927165166272
136.14232756932213
155.46927165166272
155.46927165166272
155.46929049377636
136.45192866602724
155.46929049377636
155.46929049377636
155.4692931763239
136.4960052479093
155.4692931763239
155.4692931763239
155.46928697973004
136.39418780343334
155.46928697973004
155.46928697973004
156.37544206388742
136.58458309700737
156.37544206388742
156.37544206388742
155.76328464475716
136.4821868030727
155.76328464475716
155.76328464475716
155.76327939109007
136.39210695682456
155.76327939109007
155.76327939109007
155.17576645286792
136.2940583691256
155.17576645286792
155.17576645286792
155.17576097171246
136.19812361476897
155.17576097171246
155.17576097171246
156.2173034727367
136.41600004031096
156.2173034727367
156.2173034727367
156.21729814234283
136.3207994123688
156.21729814234283
156.21729814234283
156.21729161816427
136.2042779180468
156.21729161816427
156.21729161816427
156.21729515172797
136.26738549898894
156.21729515172797
156.21729515172797
156.2172900325754
136.17595938636143
156.2172900325754
156.2172900325754
156.21729305275656
136.22990812672322
156.21729305275656
156.21729305275656
156.47343033229083
136.29571551753614
156.47343033229083
156.47343033229083
156.8610284434564
136.3867062710296
156.8610284434564
156.8610284434564
156.53607261595556
136.34374938977257
156.53607261595556
156.53601387552357
150.72358421946745
133.19134714740065
0.0
0.0
142.25003121580892
142.25003121580892
142.25003121580892
142.25003121580892
175.40498788460565
175.40498788460565
175.40498788460565
175.40498788460565
175.40384570875872
173.11949402263386
175.40384570875872
175.40384570875872
179.28435839532364
176.60106619421555
179.28435839532364
179.28435839532364
179.28811314085638
187.8691069424925
179.28811314085638
179.28811314085638
164.38589245708488
176.5035587709044
164.38589245708488
164.38589245708488
164.38620815843302
0.0
126.38345936522659
115.9714060807631
117.91163858324973
0.0
0.0
154.31734533375786
154.31734533375786
154.31734533375786
154.31734533375786
133.59942604134864
142.17018220900752
130.2391985837776
130.24263599386165
171.14029522425008
171.14029522425008
210.1524368228328
134.69607052946267
159.2624151320974
159.2624151320974
137.6075443351836
125.79341980535035
174.00591156247987
174.00591156247987
218.397629496781
127.79197665711894
165.6068124605921
165.6068124605921
141.20215640232016
163.9308388879448
166.55135171942237
166.55135171942237
127.17950744224044
125.90794689793955
161.1793808010511
161.1793808010511
139.5910166475529
161.5664368534709
157.0008437517267
157.0008437517267
137.17988284888858
134.8545877063684
159.51176112416925
159.51176112416925
159.51176112416925
139.05642883468468
123.71733660089672
111.86426483054787
0.0
0.0
150.65932516794393
150.65932516794393
150.65932516794393
150.65932516794393
136.35084187909038
136.35084187909038
136.35084187909038
136.35084187909038
131.58105513884985
131.58105513884985
127.3787165388211
122.3258182698715
154.65158563779906
154.65158563779906
170.15623800699896
172.12080263052113
147.94549764078684
147.94549764078684
156.93635876313047
171.6441030665882
147.60806129245123
147.60806129245123
160.91171621481283
171.93002425369434
143.8195194137947
143.8195194137947
136.1673929130829
123.53129141108155
140.97807481116553
140.97807481116553
133.7968634928707
121.93796195355054
143.62405568431058
143.62405568431058
121.96471608829317
162.28755171182365
141.66493626375805
141.66493626375805
127.97215203697252
126.41144199666397
140.37063973080743
140.37063973080743
121.9078728740441
127.65760109863254
139.65027457375996
139.65027457375996
123.47523699327581
127.43597128391215
146.32372594857605
146.32372594996784
131.5030476208395
121.40705090499269
145.7592901182806
145.75929011828572
125.55410247671301
127.24958916392
145.41647943487152
145.41647943487882
125.25897173383208
127.96647474911066
144.2144967570118
144.21449675703516
125.96964924327742
138.00357428283425
148.04332264520818
148.04332264520818
127.51735833342573
125.30440588526554
146.4689112203445
146.4689112203445
140.50682789974795
125.63968759524633
148.08135953410292
148.08135953410292
133.27855061597447
125.14263997068164
146.66103894200324
146.66103894200324
139.4720382906456
121.4080669039747
145.57606696206383
145.57606696206383
128.31255999869254
126.58615887845149
148.54287285512802
148.54287285512748
139.0379810746456
121.75553825768519
150.0468606026056
150.04686060260553
127.00431002685713
130.30230874041212
151.4845143458201
151.4840482861587
140.54368263269996
127.07293994521157
153.73051274407473
153.73051274407473
138.87410709036132
124.60255038082934
156.20412850548558
156.20412850548558
139.7734191354138
123.20946427116172
158.18730569652075
158.1873056965116
140.34881095592232
208.01525757121522
157.03063758572708
157.03063758572708
131.66979268977357
182.55762709372235
155.9010280551548
155.9010280551548
131.83028814743656
182.8246310203791
157.0507470551674
157.0507470551674
129.92803913988968
123.16702266864371
155.86055644220406
155.86055644220406
145.15297684862404
121.6704337727123
155.1045325486173
155.1045324907403
120.80607577288745
141.62933827011355
154.90593915716053
154.90593915716053
131.35519216478906
155.86504843797027
153.8772881374141
153.8772881374141
144.2773819453148
121.85579761573968
152.90709823673737
152.90709823673737
143.61331991085703
121.82210786046548
154.0263134945827
154.0263134945827
149.59808842338597
179.1649102608072
153.90230504464077
153.90230219923478
174.47063647046295
149.0826919012047
156.01797518117232
155.99255439377393
150.5011791140219
125.29519428365035
160.49337790236336
157.01126402694692
149.8338990496934
129.46955860627736
156.2964145462162
156.29592661583564
140.4372978371081
148.3377846500886
156.8638453322792
156.8603640208145
175.35851345647916
170.11918357212357
156.18145374893206
156.18099033481872
143.19011892989133
168.86465125526078
155.53044509166696
155.53007064465288
161.3709049973593
168.42490363824825
154.90848449430248
154.90817869431532
151.50367358292218
168.024724313259
156.51335431205263
156.5133489980811
189.10368609717517
202.98268830358467
155.85421082867907
155.85421082722712
184.15548876153554
146.6396192528817
155.60337544785057
155.60337544785057
168.80314008122718
185.83506486090778
154.96737614267957
154.96737614267957
180.67472883358303
141.9368892776445
155.12445419386418
155.1244523884969
197.68299194681018
174.68349373602146
154.51541215312383
154.51541215312383
179.14996982904333
142.58482046749916
153.93021549362308
153.93021549362308
179.01216995407955
142.58118090892455
153.2895438821299
153.2895438821299
164.51055757352376
185.93904330725238
153.42810058091837
153.42810058091837
182.7423530757682
176.77462061258703
152.8647776197139
152.8647776197139
172.14854569688066
163.6017422100989
153.52604578270012
153.52604578270012
134.49533670851935
208.06279195942608
154.93411454737375
154.93411454737355
192.12478702600143
186.58878411542187
154.92786206356217
154.92786206356217
181.3197316724298
188.80291542248128
154.37709785562433
154.37709785562433
172.7073341316262
168.93720130259473
154.79160326293334
154.79160326293334
131.84378445964546
164.40126256775068
154.26149653238411
154.26149653238411
172.65767683803227
140.40823553068316
154.53439747113038
154.53439747113038
185.17298601422038
134.56811086459578
155.36387552180548
155.36387552180548
196.72519752180432
157.49590720029317
154.84995676977516
154.84995676977516
172.91255574599447
168.58145960838985
154.35201976854304
154.35201976854304
172.69578214666043
168.50630248396928
154.3060694876999
154.3060694876999
177.8036717308568
140.0105018120067
153.88543798879593
153.88543796407535
184.86983257642154
153.90436160530618
153.44405583430407
153.44405583430407
177.5175272533535
181.0777414215592
153.01561509895708
153.01561509895708
177.38532465796786
180.99808274348572
153.154464607911
153.15446460791003
151.55401378976148
151.89358149412874
152.74232682414458
152.74232682414458
177.27898804547658
180.82789738361225
152.34176203000155
152.34176203000155
177.1672484015153
180.81648288441195
153.42809458122622
153.3536355133855
185.4130698010905
191.8827777188909
153.00756054900754
153.00756054900754
171.13709125538313
179.53065211678054
153.31699249652647
153.31679414595828
193.7564198962952
175.0088517355906
152.90179690797547
152.90179690797547
169.08727636814498
178.18239613849025
153.81878444694712
153.81878444694712
195.0855842875485
186.5035589967233
153.91117901867727
153.91117901867727
179.8351694336249
174.3313525510352
153.48368650489635
153.48368650489635
164.5065476672704
185.88974531894826
153.64452823975475
153.64452823975475
174.9937750548323
186.48681511583786
153.72286018211432
153.72286018211432
174.71220174136542
148.86405075145623
153.32321491211914
153.32321491211914
166.61085768812572
150.3995025190412
152.93329962381443
152.93329962381443
166.37564043319975
150.46322505108304
152.88535820296394
152.88535820296394
173.24654992377938
170.69597778615181
152.56670457773043
152.56670457737883
183.69029933318825
158.187200903782
153.0503266015508
153.05032645616092
193.3521401619533
155.3094014203594
152.73694116666752
152.73694116636648
183.64971165684415
157.35214759194764
152.46262023774466
152.45912014003423
133.39446938208562
197.74631232039314
152.90391857244137
152.90391857244137
175.56407424702863
185.2170148032496
152.52491040674337
152.52491040674337
145.32783291244525
124.59512952938937
152.187214108881
152.187214108881
137.6262606220494
200.2183137215998
151.91708633720788
151.91708259632392
144.22386880397923
160.42806910237587
151.65260636263062
151.65260348308524
155.16502937901438
159.70003283902875
151.3378645787159
151.3378645787159
136.38074018230915
139.32060000109962
151.02978422167618
151.02978422167618
136.24928574916356
140.25685919492463
151.38196505154096
151.38196066549094
188.19724985897358
124.98032271945584
151.3358123390643
151.3358123390643
130.808933382463
134.27964535226602
151.89239516299995
151.89239516299995
148.06152014825193
124.97655115774387
151.58990903901528
151.58990903901528
136.95027021342455
135.72259497508955
151.2934883668357
151.2934883668357
136.80237435015428
135.76141906538837
151.01588414473375
151.01588414473375
151.01588414473375
147.97763301658364
144.7157535668497
142.26603899216929
0.0
0.0
127.84330907403067
127.84330907403067
127.84330907403067
127.84330907403067
146.28136739119944
146.28136739119944
164.02292939937658
164.10082031304142
139.9372429955772
139.9372429955772
161.80160151564888
164.59507601575447
152.1633833341741
152.1633833341741
176.44650891345032
172.5887371677993
151.10022060046225
151.10022060046225
147.99901757106292
147.19062585981055
148.75690025222093
148.75690025222093
147.65354255850804
146.37171744217198
144.76753613522123
144.76753613522123
136.7004627024452
122.26333570406865
141.7122786492548
141.7122786492548
135.4776363144793
122.47957948629613
139.3360578441206
139.3360578441206
133.4522718943509
121.1856813053682
137.43508120265628
137.43508120265628
137.43508120265628
119.30159907596489
106.24196228301929
95.54599342118902
0.0
0.0
130.04252907348933
130.04252907348933
130.04252907348933
130.04252907348933
125.49165966729743
125.49165966729743
124.02724205026772
121.4980412625287
140.32136071119098
140.32136071119098
160.94233408821495
168.94600891577414
135.47647692832786
135.47647692832786
147.5332337316863
168.38846777822957
149.64128002528088
149.64128002528088
188.6594874139326
188.42678775536734
144.85840204642835
144.85840204642835
136.97663890635278
123.34381416215405
141.4415645947443
141.4415645947443
134.54339377375214
122.61040344120516
144.16692623506083
144.16692623506083
129.63659780595776
122.34254954988978
141.8373947883639
141.8373947883639
130.30146594244627
126.70658118789481
140.9021904107155
140.9021904107155
140.9021904107155
136.34019000595845
128.98806136396772
126.02160688700951
0.0
0.0
151.644596907879
151.644596907879
151.644596907879
151.644596907879
174.3443392471125
174.3443392471125
194.90461666309665
196.08085535223344
181.32590222790637
181.32590222790637
195.65306165713184
195.16184339608284
171.81477924352473
171.81477924352444
192.189174388387
196.71150913569102
162.38660449982723
162.38660449982723
186.40130251906845
138.3611034493793
155.72360926213878
155.72360926213878
174.7222028352511
194.75568102898467
153.08060685233616
153.08060685233616
178.16457459774816
194.89483264250086
159.96442181310417
159.96442181310417
123.82508753336194
194.25262993589396
161.2274813599221
161.2274813599221
193.9081516207673
195.44127191080932
160.336964158978
160.336964158978
189.37936138845467
199.84810825080424
123.63495913602642
156.2574516557242
0.0
0.0
130.02528786337857
130.02528786337857
130.02528786337857
102.2322488530081
87.03051626321147
83.81496950027557
0.0
0.0
0.0
150.04029887033118
150.04029887033118
150.04029887033118
150.04029887033118
135.52027281300937
135.52027281300937
143.09292469198996
145.81909467180873
130.6801291649006
130.6801291649006
140.7614948202621
123.94827641759095
130.3136601604805
130.3136601604805
121.51116369376653
121.80707852759969
141.55549099209455
141.55549099209435
178.76816673659852
154.52081380353178
139.49423204227045
139.49423204227045
159.00190215334882
185.17208865844972
138.02133569906826
138.02133569906826
141.33972716338783
155.3292712737787
136.91666343953955
136.91666343953955
135.9443218566438
146.21076433198584
139.91095759194016
139.9105351762983
150.5063368154943
138.72498104879838
143.06403498501453
143.06403498501453
0.0
0.0
225.4030646621558
225.4030646621558
0.0
0.0
223.44005075480453
223.44005075480453
223.44005075480453
223.44005075480453
132.70678539475418
176.7373791762513
133.0007215454499
133.00017289762522
173.5654342550831
173.5654342550831
221.29831855776712
143.53678329960866
160.83921928175616
160.83921928175616
207.95646756157
133.56555156969426
154.39067975869867
154.39841795830012
131.03597582029232
129.85812171875372
150.09124065952136
150.10158231799275
131.02952748139387
128.60954340438894
150.26959184130465
150.26959184130465
161.48666829156355
129.4762348183067
147.0036807841715
147.0036807841715
223.1957018340606
124.61208369209774
156.19633419493726
156.1963341950019
142.52195738726823
140.71951273779098
153.4778627374711
153.55309337248343
0.0
0.0
123.32912983483101
123.32912983483101
123.32912983483101
122.76519043639695
113.93336337090986
119.8441191421723
121.3635515045817
122.91437230516262
123.73116448455427
125.01413538174374
0.0
0.0
130.04490316944185
130.04490316944185
130.04490316944185
130.04490316944185
140.51935844462074
140.51935844462167
150.20282966856573
150.259954911262
159.23545541109036
159.23545541109036
153.85367744664825
190.39847009449124
160.96533269775685
160.96533269775685
153.45338662144192
184.0419765686083
159.13979894506852
159.13979894507088
152.92366799157895
193.4535768858559
153.4224981493688
154.2843970096554
153.4278857622638
151.92113803766992
156.04069871558931
156.04069871558931
162.73948859141092
164.2420450819991
152.10975705180428
152.10975705180428
136.31730181914483
161.70927978082838
149.12832892078038
149.12832892078038
144.32924080730663
156.91674248060048
146.48385654976101
146.48385654976101
146.48385654976101
128.92468055713417
115.61177594693318
104.83633759661514
0.0
0.0
130.01872254517585
130.01872254517585
130.01872254517585
130.01872254517585
139.52940576030147
139.52940576030147
139.52940576030147
139.52940576030147
133.07200134239017
133.07200134239017
129.25543011117887
120.89495634481047
129.83628782346943
129.83628782346943
126.99496375328631
120.71991257612726
149.986373460768
149.986373460768
125.73031710739978
120.95294934484397
145.13594927710807
145.13594927710807
136.38275259947977
120.95281446412946
141.67076653509702
141.67076653509702
134.14295915046918
120.87108680946574
139.44947302907343
139.44947302907343
126.75502150256585
123.03684174850281
137.7214224282452
137.7214224282452
126.17165331056526
123.46517826346215
139.7656956195429
139.76569561956532
139.76569561956532
119.4260342455175
115.1992551846018
113.01782273868069
0.0
0.0
120.5739784492577
120.5739784492577
120.5739784492577
120.5739784492577
140.29455955553593
140.29455955553593
146.67139194436385
159.43602086913484
134.29677315746883
134.29677315746883
124.74061303936993
159.5980790366716
154.16962251919108
154.16962251919108
159.01202967297982
159.46871676989997
169.75794971821932
169.75794971821932
161.99036759687056
157.6981519431454
168.5778757809064
168.5778757809064
160.85765883479021
160.635806322139
162.99661079503886
162.996610795108
160.4075971167055
160.46312973488935
157.8659182621545
160.93212847506757
147.19156228177127
148.42016386509178
157.82756469399092
157.82756478290693
147.92077358861343
147.10230070886058
164.89407962008812
164.89407962008812
164.89407962008812
140.5320355127268
122.51398937313363
108.50194844954613
0.0
0.0
127.48896202196671
127.48896202196671
127.48896202196671
105.45447800368039
91.35288880118469
86.47614965655627
0.0
0.0
0.0
213.82731447338006
213.82731447338006
213.82731447338006
213.82731447338006
208.96134022666388
208.96134022666388
208.96134022666388
208.96134022666388
181.8024722191625
181.8024722191625
130.7485264049256
130.12252534103175
173.24195547119115
173.24195547119115
143.68240813313878
128.78121913705186
174.93928420411197
174.93928420411197
145.15987011046803
173.1937815382384
167.0735239446924
167.07352394469243
172.88090344304533
146.92009523149613
161.45437492233322
161.45437492233324
172.62012739307846
142.21395696576673
161.5700406398321
161.57004063983211
146.13437279444975
140.86429561188947
157.8113654205622
157.81136542056223
172.42594829001422
144.66774994601218
154.80417695289296
154.804176952893
172.28999991772733
143.09045405203804
152.41560349646798
152.4156034964669
172.21359588368696
142.57707469609605
149.8660676554334
149.8660676554334
159.61079222661803
172.2393445732266
148.11015315907886
148.11015315907872
171.1528682184248
140.38666351421077
152.16685980324485
152.1668598032436
142.14125749626706
172.95249187546338
150.91393806997374
150.91393806997357
146.61007808133698
136.55412456567618
150.22724215820338
150.22724215820338
147.10837643475273
131.46790970283976
154.15994130910107
154.15994130910107
141.86137213755714
146.70348290643264
152.50142262945886
152.50142262945886
133.0756926070268
187.92424149963264
151.0120778100698
151.0120778100698
132.92003519521614
183.13186393393863
154.97597277829956
154.97597277829922
143.35439951258624
124.98599990847808
153.56696732533658
153.56696732533658
129.86761420236812
126.72520990409862
152.28573887012058
152.28573887012058
129.63429167605833
125.58968773832763
151.19834196479246
151.19834196479212
125.74016028041643
135.53044096909628
150.20103955600925
150.20103955600894
125.71112222515464
135.41033240250508
149.2835214378762
149.2835214378759
125.67004410435189
129.5736685484368
148.43658163652697
148.43658163652668
125.63212567491507
128.46274742874937
148.19117913772737
148.19117913772695
135.56652533269147
125.71655372270737
147.31159653950905
147.31159653950905
133.31322739747773
148.31609578122934
146.7076344417802
146.70779793247004
129.63374475295242
139.54534941864696
147.97459922834986
147.9745992283496
140.23440763660636
134.30027835541495
150.7309386247404
150.7309386247411
142.24219628901736
124.7000816409907
150.00628961645094
150.0062896164503
125.36662539744071
129.0316780104086
151.38331083609563
151.38331083609563
213.42178645239954
125.01601329063459
150.8989096220233
150.8989096220233
135.21897929723704
132.55073918427874
152.98437208231556
152.98437208230044
146.08783501556448
140.4023893979966
153.59179909751467
153.59179909751404
144.13975015146363
220.06048262486794
155.64516751727547
155.64516751727547
144.25538260460485
126.16009349489264
154.73420461364586
154.73420461364586
143.97614764913388
125.84899544132205
154.05372219230367
154.05372219217182
125.73607877161226
150.31815575635858
153.9164490414539
153.9164490412673
147.47783500301145
124.78510758318586
154.6426509312642
154.64342300740617
148.40456125413155
205.49123500451688
154.92196222995253
154.92196222995253
131.71892046394836
125.99222487295978
154.3785482971935
154.3785482971935
139.12476410372648
140.12067997630066
153.65327135731835
153.65327135731835
140.6964529742659
132.44019722700662
154.98815099374053
154.98815099374053
147.73058945023524
128.2023549126826
154.37070707335587
154.37070707335508
129.63859509284302
126.95481001130028
153.77898612772768
153.77898612772697
129.62325562370168
126.86545188890958
154.0356297551547
154.0356297551498
147.50505221207223
201.29900968243547
153.47488477765032
153.47488477764963
129.60421284324397
126.84825505968578
154.76979103618868
154.76979103618854
148.5250129900325
127.65601688423175
156.16728245592125
156.16728245592103
148.96306490819947
128.62220948098215
155.50649997970675
155.50649997970675
143.85538743448876
128.64498271379478
154.87046748867678
154.87046748867678
143.5071241836459
128.6414662575199
155.1109942595505
155.1109942595212
147.76215924589283
163.5703530536995
154.60221402216735
154.60221402216007
129.60359164024226
129.46757577784842
155.7169887744513
155.71698877771996
149.22750335295763
189.79815431673245
156.7747367817395
156.77473678156534
149.71173338103722
193.03738338666722
156.28755634548628
156.2875563452263
210.66636439916414
145.0865148219172
156.89859304844126
156.89859304844126
210.8598521701077
128.68636151007908
157.0574100728091
157.0574100728091
132.65008298229264
128.26913123446235
156.49038648548031
156.49038648548031
142.50070871450163
200.38292862476175
155.94125555410412
155.94125555410412
142.28971774991916
199.79668657405475
155.8028466900829
155.8028466900829
136.7937662003085
202.35064554623193
155.4011950442398
155.4011950442398
140.45899145717348
202.07146330130175
155.05562513388304
155.05562513388304
139.6984493424652
202.6697517281109
155.4619233886873
155.4619233886873
138.0875421884151
129.83640599387888
155.12886595526984
155.12886595524353
128.60643119408238
134.61013321642136
154.72204794164824
154.72204794162687
129.10541999335507
165.54623641201576
154.5017437126455
154.50174371261468
207.79276882254226
124.59775728926887
154.0478921311859
154.0478921311859
140.53202819008163
207.03899544029434
154.7592885973869
154.75928859738613
177.85680295902205
201.39297171263604
154.38375162557637
154.3837516255333
128.77461366135518
173.24181311111957
154.12728110708173
154.12728110703011
201.5874348089904
126.10155860168794
153.76606020224176
153.76606020222476
129.15856012914105
144.78047632757102
153.41409570975264
153.41409570973718
129.17960850541493
142.94572864576838
153.12014827672263
153.12014827670524
128.88505664200036
127.98448515108592
152.9199507152674
152.91995071524593
128.27202615590681
124.20722734056929
152.72174482161992
152.72174482161915
129.31037730393356
125.29147578474587
152.3094135966508
152.3094135966508
144.91249545327412
129.7975885228255
151.89505174957705
151.89505174957705
143.8846854826167
121.99497457115874
151.52791141923132
151.52791141923132
136.8957129971515
127.14171955912518
151.1341882405398
151.1341882405398
143.62368809286806
123.5896328312081
151.51478341285815
151.51478341285815
137.8485365859749
130.64755312618922
151.92107868974423
151.92107868974423
137.65280365175792
130.82902355125677
151.65043587237136
151.6504358719656
208.1511197291356
172.40645083952126
151.95659052772714
151.9566333263437
175.0310333207058
133.87415256217608
152.49502098618822
152.49502098618822
122.92534475586862
123.7785219734279
152.15364329700148
152.15364329700148
140.47978619101102
199.941856269902
151.81985964637573
151.81985964637573
140.33317506741636
199.86315954615503
151.8926877609425
151.8926877609425
134.00521990580228
181.14562387591525
151.76929549509444
151.7692954936632
190.8034838025233
122.76170089366045
153.66232306999206
152.6175283803851
171.95778583505353
199.04140329105985
159.17086427842386
153.49591552149144
171.8605763753295
130.88666346580894
153.5667547209908
153.5667759368797
178.19918206372432
150.9974077996897
153.943999944001
153.943999944001
217.5910528524264
126.44664674304022
153.82353052536595
153.82353052536595
135.93606874525844
189.37516741718568
153.86817888284193
153.86817888284193
132.9251410540294
170.99480367134518
153.5578376946789
153.5578376946789
138.4738852449893
149.3817763151994
153.25350077344046
153.25350077344046
138.4332899451283
146.3200461178858
152.95523743841503
152.95523743841503
152.95523743841503
149.8299083378102
132.58002279491632
143.96659848887194
142.54025252203144
139.73224661745647
138.426190775533
138.11054607526958
160.23588277013698
137.4988208757614
136.87300761531762
136.5990414905994
156.59046797661537
135.9974529193468
135.3552037205823
135.12422271634637
154.5096780233033
134.69365967207852
134.24179617321457
134.0630199719012
149.90067574708175
133.70849571683365
133.31060054487742
133.14317935377872
151.47787997478392
97.10206919446509
132.255837368517
132.11691322568538
149.24823035037525
131.02564213696968
131.40233250683144
131.31777178627237
140.89763762890203
128.3269662766358
130.74063290034334
130.7053990818667
137.1007225292929
110.75743139448517
130.12662449784474
130.06488531348228
138.9332702769674
121.01457225598517
100.60791472811722
98.61747745098981
145.16704632883176
131.97567611501267
121.37250184409565
113.13304421964499
109.55153886659406
110.17101915946968
108.89689814742707
110.46921753085063
112.5969893109476
111.28074265883062
116.93541971882124
117.90300789933994
118.54440790728117
123.3730825687696
124.3234283028449
123.97106610250177
126.53431492595722
125.1693177509259
125.0918963749704
127.09551300801554
126.9091975815045
126.64753006744185
126.17057953687248
125.90475812688977
127.30204350475985
127.52858829655811
127.2268353559689
127.05201600594167
127.27468967764109
126.54615605494654
125.97089264459092
125.80372661194112
127.08480747098912
105.26799078187234
124.19388357197617
125.18089610241866
125.05825464116955
125.65571048332532
125.69576156648918
125.64409716685809
160.23732647629262
136.0256122920015
118.03062593270809
104.28456305347014
132.51694363476201
116.54997632584855
104.16000096434179
94.28265994500038
160.84341433806725
25.438036859960704
53.97963254396649
151.308909039464
149.81534607525987
146.77216341546273
145.22882164776837
145.01326894722385
172.199712333926
144.1152418660248
144.3556368925172
143.781907099923
147.67610195721784
124.64064605115585
106.94672899334503
93.19963487103207
159.15092290616025
156.86563603094893
149.85327925144674
146.16370865708907
126.5000575100687
152.27996061198508
152.06670480241567
151.63690953886635
150.85026344504217
124.08477469647366
149.93791024450746
149.55990443600137
149.14938295707623
148.6642749130807
147.8471921947087
147.4878101842952
147.6462341702419
145.9307139542921
145.91261721477082
145.6313813799778
145.9446468160306
144.9794563648179
144.28980292998816
143.93286487349022
147.86567125982728
143.2515115548246
142.76417868395367
142.45269182467135
147.34905138843982
139.94594566101554
141.16182626242255
140.97721781056586
142.066763970271
106.96339880313465
139.8717233665143
139.62418245279102
145.26373082162422
113.17139428772202
138.7815413969321
138.65124125098401
140.0819499434368
110.175248325809
137.8699478752805
137.7648083935819
132.42636876375946
132.2016208977257
130.01846170343316
129.6121539057849
0.0
123.21192877221175
123.21192877221175
123.21192877221175
123.21192877221175
123.21192877221175
123.21192877221175
123.21192877221175
123.21192877221175
123.21192877221175
123.21192877221175
123.21192877221175
123.21192877221175
123.21192877221175
123.21192877221175
123.21192877221175
123.21192877221175
123.21192877221175
123.21192877221175
123.21192877221175
123.21192877221175
123.21192877221175
123.21192877221175
123.21192877221175
123.21192877221175
123.21192877221175
123.21192877221175
123.21192877221175
123.21192877221175
123.21192877221175
123.21192877221175
123.21192877221175
123.21192877221175
123.21192877221175
123.21192877221175
123.21192877221175
123.21192877221175
123.21192877221175
123.21192877221175
123.21192877221175
123.21192877221175
123.21192877221175
123.21192877221175
123.21192877221175
123.21192877221175
123.21192877221175
123.21192877221175
123.21192877221175
123.21192877221175
123.21192877221175
123.21192877221175
123.21192877221175
123.21192877221175
123.21192877221175
123.21192877221175
123.21192877221175
123.21192877221175
123.21192877221175
123.21192877221175
123.21192877221175
123.21192877221175
123.21192877221175
123.21192877221175
123.21192877221175
123.21192877221175
123.21192877221175
123.21192877221175
123.21192877221175
123.21192877221175
123.21192877221175
123.21192877221175
123.21192877221175
123.21192877221175
123.21192877221175
123.21192877221175
123.21192877221175
123.21192877221175
123.21192877221175
123.21192877221175
123.21192877221175
123.21192877221175
123.21192877221175
123.21192877221175
123.21192877221175
123.21192877221175
0.0
0.0
0.0
0.0
0.0
0.0
0.0
0.0
0.0
0.0
0.0
0.0
0.0
0.0
0.0
0.0
0.0
0.0
0.0
0.0
0.0
0.0
0.0
0.0
0.0
0.0
0.0
0.0
0.0
0.0
0.0
0.0
0.0
0.0
0.0
0.0
0.0
0.0
0.0
0.0
0.0
0.0
0.0
0.0
0.0
0.0
0.0
0.0
126.07242627349137
154.08750108508568
146.31816069744983
143.60033278516508
0.0
0.0
0.0
0.0
0.0
0.0
0.0
0.0
0.0
0.0
0.0
0.0
0.0
0.0
0.0
0.0
0.0
0.0
0.0
0.0
0.0
0.0
0.0
0.0
0.0
0.0
0.0
0.0
0.0
0.0
0.0
0.0
0.0
0.0
0.0
0.0
0.0
0.0
0.0
0.0
0.0
0.0
0.0
0.0
0.0
0.0
0.0
0.0
0.0
0.0
0.0
0.0
0.0
0.0
0.0
0.0
0.0
0.0
0.0
0.0
0.0
0.0
0.0
0.0
0.0
0.0
0.0
0.0
0.0
0.0
0.0
0.0
0.0
0.0
0.0
0.0
0.0
0.0
0.0
0.0
0.0
143.55793084868282
132.68566885447066
129.78706163599892
0.0
0.0
143.55793084868282
132.68566885447066
129.78706163599892
0.0
143.55793084868282
132.68566885447066
129.78706163599892
0.0
122.83502443756811
112.53660475732913
115.89608964294068
