0.0
0.0
136.68045895780895
136.68045895780895
136.68045895780895
136.68045895780895
131.9491885847501
127.22264475552046
131.94944771340823
127.22264475552046
152.21332330089797
159.97587419699346
152.21247257583326
159.97587419699346
146.63752836946824
149.95544553429082
146.63698302713263
149.95544553429082
141.36594620359315
142.53702524528413
141.3656895824477
142.53702524528413
137.827888352002
142.53614695174403
137.85182960358586
142.53614695174403
138.9368058573591
143.1540033243766
138.9622034249739
143.1540033243766
142.41066828571414
143.15469890827382
142.44062799750944
143.15469890827382
151.90240318875553
143.15659947231242
151.9448281791977
143.15659947231242
155.19058573253486
150.1086356699725
155.23732901800625
150.1086356699725
152.0334063598425
150.1081088413158
152.07600339375702
150.1081088413158
149.4014486653999
150.1076696547417
149.43540766361963
150.1076696547417
148.10931112581426
150.10745403980093
148.14176481630176
150.10745403980093
146.40282097418913
150.10716928312584
146.4332866465737
150.10716928312584
146.11256355310863
148.9603731209977
146.14269108289852
148.9603731209977
148.57728666998423
148.96072565564396
148.61028554020962
148.96072565564396
147.75637115704487
147.17092366117217
147.78841368134636
147.17092366117217
149.12865844769442
149.98831904782705
149.16229965217207
149.98831904782705
147.61946118833654
147.03504596601184
147.65134421596818
147.03504596601184
146.49286500113885
145.04049441647157
146.52343557254991
145.04049441647157
145.3879214194939
145.0403938394758
145.41721259998374
145.0403938394758
144.38348383254555
143.22829577034088
144.41160451213983
143.22829577034088
146.2625511780514
146.64862835668006
146.2928615905264
146.64862835668006
147.6675794601122
149.03543699165115
147.69952719369488
149.03543699165115
146.7586077471909
149.0353719809197
146.7894962066265
149.0353719809197
145.75953785805
149.03530052620115
145.7892620727562
149.03530052620115
145.14715042941958
149.03525672750135
145.1761610118659
149.03525672750135
148.38977264136602
154.8393256664847
148.42256194432892
154.8393256664847
149.76686457800426
156.93798246212137
149.80125864563416
156.93798246212137
149.08143580523185
156.93793956687765
149.1150311230855
156.93793956687765
148.43952855097527
156.937899395288
148.4723758359244
156.937899395288
147.62888052382533
154.91231934661468
147.6607831374154
154.91231934661468
146.91284441072312
154.9122771716563
146.9439126069275
154.9122771716563
146.3088611913381
154.91224159673484
146.3392255502633
154.91224159673484
148.74858864841428
154.91238529803792
148.78179609197636
154.91238529803792
148.07190409763297
154.91234544098822
148.10432298120864
154.91234544098822
147.4311280131838
154.91230769885436
147.4628001819426
154.91230769885436
149.6695075010166
154.91243954071513
149.7037881178276
154.91243954071513
148.94150342995022
154.9123966608397
141.27581541170804
154.9123966608397
148.39190201027867
153.3599070355737
140.87853461346327
153.3599070355737
149.3905479307245
155.25833219538424
141.60040838277726
155.25833219538424
149.563280257134
155.3301740121429
141.725268388706
155.3301740121429
150.14416442398232
156.24850928710902
142.1451620011191
156.24850928710902
150.05000119147647
155.78432919852096
142.07709586657822
155.78432919852096
149.37072238890053
155.78429828139326
141.58607743893404
155.78429828139326
149.5185258435473
155.80319493408567
141.6929175458619
155.80319493408567
149.03180509327996
154.5885652142981
141.34109020104887
154.5885652142981
148.56522303321162
153.47083105674554
141.00382016018648
153.47083105674554
148.13695841797423
153.4708139033891
140.6942479827653
153.4708139033891
149.9047058969881
153.47088470718603
141.97206878966483
153.47088470718603
150.61212333947196
154.72478758960378
142.48342730546017
154.72478758960378
150.178782119321
153.73829919894615
142.1701854911344
153.73829919894615
151.01567188656662
155.19889310946425
142.77513340952393
155.19889310946425
151.20886185558072
155.41631887408468
142.91478127496916
155.41631887408468
150.68982223743348
155.4163009523208
142.53959215347558
155.4163009523208
151.8224725455134
155.4163400612725
143.35833133867473
155.4163400612725
152.09104639662675
155.8089677197068
143.55247063697158
155.8089677197068
151.99122448947605
155.50342642872317
143.48031411492536
155.50342642872317
153.0086106315549
155.50345929156458
144.21573430159413
155.50345929156458
153.6134118622573
156.56243479912823
144.65291642506185
156.56243479912823
153.15596678667865
155.62772966584635
144.32225107691255
155.62772966584635
152.71302543020866
155.62771622541544
144.0020697793839
155.62771622541544
153.14020464137894
156.3359082385929
144.31085736968657
156.3359082385929
152.75158631234368
156.33589679330174
144.02994361210577
156.33589679330174
153.4651366806665
157.56172126370367
144.54573532910052
157.56172126370367
153.714575952354
157.56172840004243
144.7260431474989
157.56172840004243
153.5396375910195
157.1301157659294
144.59958850355684
157.1301157659294
153.16296257766768
157.13010528870612
144.32730800240256
157.13010528870612
152.7028168033082
157.13009248972176
143.99469044720092
157.13009248972176
152.9290549681991
157.44023710957882
144.1582272859431
157.44023710957882
153.50959823637743
158.40887093621387
144.57787447887677
158.40887093621387
154.24435865427287
159.64273878431868
145.10899793469792
159.64273878431868
153.80526883566952
158.70651806485967
144.79160073121153
158.70651806485967
153.54312287432566
158.70651150252286
144.6021078495491
158.70651150252286
153.10297635366678
157.7754494140184
144.28394680626698
157.7754494140184
153.7476326099532
158.83337682272804
144.74993823737358
158.83337682272804
153.3163002822273
157.94273661304248
144.4381485560985
157.94273661304248
152.89563360284944
157.94272681692613
144.13406856613398
157.94272681692613
152.48561729407913
157.0918714166436
143.83768722392603
157.0918714166436
152.08558855305085
157.09186231284795
143.54852542072047
157.09186231284795
151.69543748989202
156.27835537780982
143.26650372234053
156.27835537780982
151.3270154625119
156.27834717964302
143.00018891329944
156.27834717964302
150.93828181863265
155.46927165166272
142.7191918000874
155.46927165166272
154.86145012679577
155.46929049377636
143.34487390329033
155.46929049377636
154.9794340943005
155.4692931763239
143.43394958405324
155.4692931763239
154.70688968301627
155.46928697973004
143.22818366952507
155.46928697973004
155.216538824826
156.37544206388742
143.61295920485466
156.37544206388742
154.94244495229012
155.76328464475716
143.40602347616678
155.76328464475716
154.70131968352473
155.76327939109007
143.22397842446463
155.76327939109007
154.4388637286615
155.17576645286792
143.02582910516168
155.17576645286792
154.1820660720084
155.17576097171246
142.8319516947937
155.17576097171246
154.76527656641522
156.2173034727367
143.2722646704977
156.2173034727367
154.5104440155697
156.21729814234283
143.07987087729686
156.21729814234283
154.19853987934425
156.21729161816427
142.8443891092768
156.21729161816427
154.36746592717398
156.21729515172797
142.97192510443537
156.21729515172797
154.12273697949394
156.2172900325754
142.78715934280493
156.2172900325754
154.26712380021837
156.21729305275656
142.89616868213093
156.21729305275656
154.44327689018715
156.47343033229083
143.02916095844387
156.47343033229083
154.68684075419196
156.8610284434564
143.21304710376958
156.8610284434564
154.5718538617567
156.53607261595556
143.12623415842853
156.53601387552357
148.8050729926653
150.72353341830924
0.0
0.0
142.25003121580892
142.25003121580892
142.25003121580892
142.25003121580892
175.40498788460565
175.40498788460565
175.40498788460565
175.40498788460565
173.11949402263386
175.40384570875872
173.11949402263386
175.40384570875872
176.60106619421555
179.28435839532364
176.60106619421555
179.28435839532364
187.86905753230408
179.28811314085638
187.86905753230408
179.28811314085638
176.50349690120845
164.38589245708488
176.50349690120845
164.38589245708488
177.76661795406386
0.0
126.38345936522659
115.9714060807631
117.9116385832496
0.0
0.0
154.31734533375786
154.31734533375786
154.31734533375786
154.31734533375786
142.17018220948842
130.64552309996517
142.17018220943615
130.24263599386165
171.14029522425008
154.63140058508307
171.14029522366195
134.69607052946267
159.2624151320974
159.2624151320974
159.26241513192213
125.79341980535035
174.00591156247987
174.0059115625014
174.00591156178777
127.79197665711894
165.6068124605921
165.6068124605921
165.60681246019197
163.9308388879448
166.55135171942237
166.5513517194224
166.55135171898985
125.90794689793955
161.1793808010511
161.1793808010511
161.1793808008079
161.5664368534709
157.0008437517267
157.0008437517267
157.0008437516316
134.8545877063684
159.51176112416925
159.51176112416942
159.51176112416925
139.05642883468468
123.71733660089707
111.864264820173
0.0
0.0
150.65932516794393
150.65932516794393
150.65932516794393
150.65932516794393
136.35084187909038
136.35084187909038
136.35084187909038
136.35084187909038
131.58105513884985
131.58105513884985
131.58105513884985
122.3258182698715
154.65158563779906
154.6515856377991
154.65158563779906
172.12080263052113
147.94549764078684
147.94549764078684
147.94549763444556
171.6441030665882
147.60806129245123
147.60806129245123
147.6080612861034
171.93002425369434
143.8195194137947
143.8195194137947
143.81951940843044
123.53129141108155
140.97807481116553
140.97807481116553
140.9780748064728
121.93796195355054
143.62405568431058
143.62405568431078
143.62405567887177
162.28755171182365
141.66493626375805
141.66493626375805
141.66493625880943
126.41144199666397
140.37063973080743
140.37063038976711
140.37063972615496
127.65760109863254
139.65027457375996
139.65027457373594
139.6502745692829
127.43597128391215
146.32372594857605
146.32372561228584
146.32372594249827
121.40705090499269
145.7592901182806
145.759290118041
145.75929011232637
127.24958916392
145.41647943487152
145.41647943475408
145.4164794289999
127.96647474911066
144.2144967570118
144.21449675649583
144.21449675143157
138.00357428283425
148.04332264520818
148.04332264520818
148.04332263870478
125.30440588526554
146.4689112203445
146.4689112203445
146.46891121445597
125.63968759524633
148.08135953410292
148.08135953410292
148.08135952762115
125.14263997068164
146.66103894200324
146.66103894200324
146.6610389360724
121.4080669039747
145.57606696206383
145.57606696206383
145.57606695617608
126.58615887845149
148.54287285512802
148.54287285512575
148.5428728485053
121.75553825768519
150.0468606026056
150.0468606026054
150.04686059561496
130.30230874041212
151.4845143458201
149.34701868032332
151.48451433849507
127.07293994521157
153.73051274407473
153.73051274407473
153.73051273619615
124.60255038082934
156.20412850548558
156.20412850548556
156.20412849701202
123.20946427116172
158.18730569652075
158.1873056964656
158.18730568756982
208.01525757121522
157.03063758572708
157.03063758572708
157.0306375770688
182.55762709372235
155.9010280551548
155.9010280551548
154.00152790851138
182.8246310203791
157.0507470551674
157.0507470551674
155.05943180994274
123.16702266864371
155.86055644220406
155.86055644220406
154.38831851982494
121.6704337727123
155.1045325486173
155.1045318617451
153.19756174545387
141.62933827011355
154.90593915716053
154.90593915716053
153.08253812272585
155.86504843797027
153.8772881374141
153.8772881374141
152.52793351442648
121.85579761573968
152.90709823673737
152.90709823673737
151.60381543201098
121.82210786046548
154.0263134945827
154.0263134945827
152.1827671677775
179.1649102608072
153.90230504464077
153.90230199805163
152.06613476648755
149.0826919012047
156.01797518041946
155.9627942514192
154.09378885946256
125.29519428365035
157.01615663188386
157.00739303983545
155.00287902925663
129.46955860627736
156.2964145462162
156.29581074839786
154.31291100269766
148.3377846500886
156.86348953585457
156.87512957345507
154.85213165235947
170.11918357212357
156.18145374893206
156.18303746087025
154.2050852302011
168.86465125526078
155.53044509166696
155.53185024582058
153.59444933807293
168.42490363824825
154.90848449430248
154.9097456749096
153.01105645409777
168.024724313259
156.51335431205263
156.51337606041133
154.54039167036964
202.98268830358467
155.85421082867907
155.85421083232478
153.90776664776683
146.6396192528817
155.60337544785057
155.60337544785057
153.94309909009922
185.83506486090778
154.96737614267957
154.96737614267957
153.09552210579594
141.9368892776445
155.12445419386418
155.12446218062524
153.21273098829667
174.68349373602146
154.51541215312383
154.51541215312383
152.68335085543933
142.58482046749916
153.93021549362308
153.93021549362308
152.13360928544836
142.58118090892455
153.2895438821299
153.2895438821299
151.87519595775882
185.93904330725238
153.42810058091837
153.42810058091837
151.63628617174663
176.77462061258703
152.8647776197139
152.8647776197139
151.2213505722437
163.6017422100989
153.52604578270012
153.52604578270012
151.71332069598088
208.06279195942608
154.93411454737375
154.93411454737412
153.04343328918978
186.58878411542187
154.92786206356217
154.92786206356217
153.05360203325395
188.80291542248128
154.37709785562433
154.37709785562433
152.64871784726
168.93720130259473
154.79160326293334
154.79160326293334
152.9027306684654
164.40126256775068
154.26149653238411
154.26149653238411
152.53974532448717
140.40823553068316
154.53439747113038
154.53439747113038
152.66536432643622
134.56811086459578
155.36387552180548
155.3638755218055
153.43794084883575
157.49590720029317
154.84995676977516
154.84995676977516
153.09441316217266
168.58145960838985
154.35201976854304
154.35201976854304
152.62509145574273
168.50630248396928
154.3060694876999
154.3060694876999
152.49999367177034
140.0105018120067
153.88543798879593
153.88543807969234
152.05730207088703
153.90436160530618
153.44405583430407
153.44405583430407
151.69034414282257
181.0777414215592
153.01561509895708
153.01561509895708
151.28780490410097
180.99808274348572
153.154464607911
153.15446460791307
151.3669992786184
151.89358149412874
152.74232682414458
152.74232682414458
151.03125764925645
180.82789738361225
152.34176203000155
152.34176203000155
150.65477347567287
180.81648288441195
153.42809458122622
155.34814727364585
151.66097927015002
191.8827777188909
153.00756054900754
153.00756054900754
151.37832832228634
179.53065211678054
153.31699249652638
153.31894326934906
151.52169423792716
175.0088517355906
152.90179690797547
152.90179690797547
151.32810946323406
178.18239613849025
153.81878444694712
153.81878444694712
151.9903012512733
186.5035589967233
153.91117901867727
153.91117901867727
152.1086819875448
174.3313525510352
153.48368650489635
153.48368650489635
152.06666949404345
185.88974531894826
153.64452823975475
153.64452823975475
151.91203595897278
186.48681511583786
153.72286018211432
153.72286018211432
151.99053348365243
148.86405075145623
153.32321491211914
153.32321491211914
151.8162932167103
150.3995025190412
152.93329962381443
152.93329962381443
151.44662318797745
150.46322505108304
152.88535820296394
152.88535820296394
151.2209040287967
170.69597778615181
152.56670457773043
152.5667045796342
150.8235931097482
158.187200903782
153.0503266015508
153.0503278908147
151.27226032988875
155.3094014203594
152.73694116666752
152.73694116821432
150.98354872250363
157.35214759194764
152.46262023774466
152.58503935867745
150.71577892470262
197.74631232039314
152.90391857244137
152.90391857244137
151.20371151404805
185.2170148032496
152.52491040674337
152.52491040674337
151.3404482897784
124.59512952938937
152.187214108881
152.187214108881
150.65754825159306
200.2183137215998
151.91708633720788
151.91717204814753
150.20617343023503
160.42806910237587
151.65260636263062
151.65268411425234
149.95810853476198
159.70003283902875
151.3378645787159
151.3378645787159
149.83156646205512
139.32060000109962
151.02978422167618
151.02978422167618
149.54114297082322
140.25685919492463
151.38196505154096
151.38214638306664
149.70729274704843
124.98032271945584
151.3358123390643
151.3358123390643
149.72191686597972
134.27964535226602
151.89239516299995
151.89239516299995
150.18074728356544
124.97655115774387
151.58990903901528
151.58990903901528
150.0821045012275
135.72259497508955
151.2934883668357
151.2934883668357
149.80207751534064
135.76141906538837
151.01588414473375
151.01588414473375
151.01588414473375
147.97763301658364
145.05669332227768
73.06418807698388
0.0
0.0
127.84330907403067
127.84330907403067
127.84330907403067
127.84330907403067
146.28136739119944
146.28141810283162
146.28136739119944
164.10082031304142
139.9372429955772
139.937249143892
139.9372429955772
164.59507601575447
152.1633833341741
152.1636158519546
152.1633833341741
172.5887371677993
151.10022060046225
151.10022060046225
151.10022060046225
147.19062585981055
148.75690025222093
148.75690025222093
148.75690025222093
146.37171744217198
144.76753613522123
144.76753613522123
144.76753613522123
122.26333570406865
141.7122786492548
141.7122786492548
141.7122786492548
122.47957948629613
139.3360578441206
139.3360578441206
139.3360578441206
121.1856813053682
137.43508120265628
137.43508120265628
137.43508120265628
119.30159907596489
106.24196268889295
95.54599341873143
0.0
0.0
130.04252907348933
130.04252907348933
130.04252907348933
130.04252907348933
125.49165966729743
125.49165966729743
125.49165966729743
121.4980412625287
140.32136071119098
140.32136071119098
140.32136071119098
168.94600891577414
135.47647692832786
135.47647692832786
135.47647692832786
168.38846777822957
149.64128002528088
149.64128002528088
149.64128002528088
188.42678775536734
144.85840204642835
144.85840204642835
144.85840204642835
123.34381416215405
141.4415645947443
141.4415645947443
141.4415645947443
122.61040344120516
144.16692623506083
144.16692623506083
144.16692623506083
122.34254954988978
141.8373947883639
141.8373947883639
141.8373947883639
126.70658118789481
140.9021904107155
140.89888496039242
140.9021904107155
136.34019000595845
128.98806136396772
126.0216067874638
0.0
0.0
151.644596907879
151.644596907879
151.644596907879
151.644596907879
174.3443392471125
174.34433924735384
174.3443392471125
196.08085535223344
181.32590222790637
181.32590222805058
181.32590222790637
195.16184339608284
171.81477924352473
171.81477924352498
171.81477924352473
196.71150913569102
162.38660449982723
162.38660449982723
162.38660449982723
138.3611034493793
155.72360926213878
155.72360926213878
155.72360926213878
194.75568102898467
153.08060685233616
153.08060685233616
150.17418160827225
194.89483264250086
159.96442181310417
159.96442181310417
155.4275971239595
194.25262993589396
161.2274813599221
161.2274813599221
156.43935746343325
195.44127191080932
160.336964158978
160.336964158978
155.7828499470686
199.84810825080424
160.33696073413003
123.64829114518298
0.0
0.0
130.02528786337857
130.02528786337857
130.02528786337857
102.2322488530081
87.03051654592234
83.81496950027557
0.0
0.0
0.0
150.04029887033118
150.04029887033118
150.04029887033118
150.04029887033118
135.52027281300937
135.52027281300937
135.52027281300937
145.81909467180873
130.6801291649006
130.6801291649006
130.6801291649006
123.94827641759095
130.3136601604805
130.1756955364335
130.3136601604805
121.80707852759969
141.5554909920942
142.9272787816199
141.55549099209435
154.52081380353178
139.49423204227045
140.158270571443
139.49423204227045
185.17208865844972
138.02133569906826
138.32974851447804
138.02133569906826
155.3292712737787
136.91666343953955
137.12579957486633
136.91666343953955
146.21076433198584
139.91049694648947
140.16214826044882
139.91085793737497
138.72498104879838
143.06403498501453
143.06403498908634
0.0
0.0
225.4030646621558
225.4030646621558
0.0
0.0
223.44005075480453
223.44005075480453
223.44005075480453
223.44005075480453
176.7373791762513
132.99893072199558
176.7373791762513
133.00017289762522
173.5654342550831
173.5654342550831
173.5654342550831
143.53678329960866
160.83921928175616
160.83921928175616
160.83921928175616
133.56555156969426
154.39067975869867
154.37589820750293
154.39067975869867
129.85812171875372
150.09124065952136
150.07825431248713
150.09124065952136
128.60954340438894
150.26959184130465
150.26959184130465
150.26959184130465
129.4762348183067
147.0036807841715
147.0036807841715
147.0036807841715
124.61208369209774
156.19633419493726
156.19633419484188
156.19633419493726
140.71951273779098
153.4778627374711
153.40329161891833
0.0
0.0
123.32912983483101
123.32912983483101
123.32912983483101
122.76519043639695
113.93336334584941
119.84411914217284
121.36392629378953
122.91437230516262
123.73102899636112
123.59447806513366
0.0
0.0
130.04490316944185
130.04490316944185
130.04490316944185
130.04490316944185
140.51935844462167
145.23163658327675
140.51935844462167
150.259954911262
159.23545541109036
155.5189099066556
159.23545541109036
190.39847009449124
160.96533269775685
157.88297115631752
160.96533269775685
184.0419765686083
159.13979894507088
156.36638900068922
159.13979894507088
193.4535768858559
154.2843970096554
152.06711524104762
154.2843970096554
151.92113803766992
156.04069871558931
156.0406987155907
156.04069871558931
164.2420450819991
152.10975705180428
152.10975705180428
152.10975705180428
161.70927978082838
149.12832892078038
149.12832892078038
149.12832892078038
156.91674248060048
146.48385654976101
146.48385654976101
146.48385654976101
128.92468055713417
115.61177594693318
104.83633759661514
0.0
0.0
130.01872254517585
130.01872254517585
130.01872254517585
130.01872254517585
139.52940576030147
139.52940576030147
139.52940576039342
139.52940576030147
133.07200134239017
133.07200134239017
133.07200134254148
120.89495634481047
129.83628782346943
129.83628782346943
129.83628782365136
120.71991257612726
149.986373460768
149.986373460768
149.98637346075873
120.95294934484397
145.13594927710807
145.13594927710807
145.1359492771454
120.95281446412946
141.67076653509702
141.67076653509702
141.67076653516742
120.87108680946574
139.44947302907343
139.44947302907343
139.449473029167
123.03684174850281
137.7214224282452
137.7214224282452
137.72142242835562
123.46517826346215
139.76569561956975
137.21140060817976
139.76569561956532
119.4260342455175
115.1992551846018
113.01782273868069
0.0
0.0
120.5739784492577
120.5739784492577
120.5739784492577
120.5739784492577
140.29455955553593
140.29455955553593
140.29455955553593
159.43602086913484
134.29677315746883
134.29677315746883
134.29677315745997
159.5980790366716
154.16962251919108
154.16962251919125
154.16962251916726
159.46871676989997
169.75794971821932
169.7579497182193
169.75794971818388
157.6981519431454
168.5778757809064
168.57787564604655
168.5778757808718
160.635806322139
162.99661079510722
162.80743917688432
162.99661079507757
160.46312973488935
160.93212841612547
159.70212590987765
160.93212847503867
148.42016386509178
157.8275647828643
156.99519617909812
157.82756478288036
147.10230070886058
164.89407962008812
164.89407962008812
164.89407962008812
140.5320355127268
122.51398937376884
108.50194844479472
0.0
0.0
127.48896202196671
127.48896202196671
127.48896202196671
105.45447800368039
91.35288880118469
86.47614965655627
0.0
0.0
0.0
213.82731447338006
213.82731447338006
213.82731447338006
213.82731447338006
208.96134022666388
208.96134022666388
208.96134022666368
208.96134022666388
181.8024722191625
181.8024200340099
181.80247221916335
130.12252534103175
173.24195547119115
173.24195547119115
173.24195547119234
128.78121913705186
174.93928420411197
174.9392842041119
174.9392842041131
173.1937815382384
167.0735239446924
167.07343134532283
167.07352394469385
146.92009523149613
161.45437492233322
161.45423916867406
161.45437492233486
142.21395696576673
161.5700406398321
161.56956601444324
161.57004063983373
140.86429561188947
157.8113654205622
157.81130663860333
157.811365420564
144.66774994601218
154.80417695289296
154.80410741735315
154.80417695289486
143.09045405203804
152.41560349646798
152.41554679306046
152.41560349647
142.57707469609605
149.8660676554334
149.8660676554334
149.86606765543547
172.2393445732266
148.11015315907886
148.1101526092204
148.11015315908105
140.38666351421077
152.16685980324485
152.16677543568815
166.46079953424316
172.95249187546338
150.91393806997374
150.91393695152004
165.6766015412605
136.55412456567618
150.22724215820338
150.22724215820338
164.8312749896025
131.46790970283976
154.15994130910107
154.15994130901782
168.0048037056854
146.70348290643264
152.50142262945886
152.50142262945886
165.91594968139532
187.92424149963264
151.0120778100698
151.0120778100698
164.7368176252167
183.13186393393863
154.97597277829956
154.97596964472018
168.36782021349228
124.98599990847808
153.56696732533658
153.56696732533652
167.2591237286902
126.72520990409862
152.28573887012058
152.28573887012053
166.319482620161
125.58968773832763
151.19834196479246
151.19833865632424
165.87085374570358
135.53044096909628
150.20103955600925
150.20103675600782
165.14514948957714
135.41033240250508
149.2835214378762
149.2835187663835
164.47828470655392
129.5736685484368
148.43658163652697
148.43657917469906
163.86271722404888
128.46274742874937
148.19117913772737
148.19117371819132
163.7496752104237
125.71655372270737
147.31159653950905
147.31159653950905
161.38549108043787
148.31609578122934
146.70775512306435
144.37461278195244
162.69932897859093
139.54534941864696
147.97459922834986
147.97459729134098
163.56547666316442
134.30027835541495
150.7309386247409
150.7308772170951
165.16888856289194
124.7000816409907
150.00628961645094
150.00627479473303
165.02208151165857
129.0316780104086
151.38331083609563
151.38331083609563
166.07894006152466
125.01601329063459
150.8989096220233
150.8989096220233
163.91930187023007
132.55073918427874
152.98437208231556
151.75602089190957
166.704408004155
140.4023893979966
153.59179909751467
153.59179045423153
167.66725439574893
220.06048262486794
155.64516751727547
155.64516751727547
169.15811612419424
126.16009349489264
154.73420461364586
154.73420461364586
163.89944135002688
125.84899544132205
154.05372219230367
154.0530518175534
167.99499752440843
150.31815575635858
153.9164490414539
153.9153379975434
167.92669682338126
124.78510758318586
154.6428035802786
154.63975472324856
168.33953160834804
205.49123500451688
154.92196222995253
154.92196222995253
168.338295681995
125.99222487295978
154.3785482971935
154.3785482971935
166.29420586024912
140.12067997630066
153.65327135731835
153.65327135731835
164.97076549854836
132.44019722700662
154.98815099374053
154.98815099374053
168.69473060910323
128.2023549126826
154.37070707335587
154.37070705402326
168.11503488947912
126.95481001130028
153.77898612772768
153.77898611245044
167.68190144326215
126.86545188890958
154.0356297551547
154.03562935889224
168.01264054055022
201.29900968243547
153.47488477765032
153.4748847635052
167.46005859846917
126.84825505968578
154.76979103618868
154.76979103478652
168.40464245534997
127.65601688423175
156.16728245592125
156.16728245274606
169.3643758395533
128.62220948098215
155.50649997970675
155.50649997970675
165.57756554168748
128.64498271379478
154.87046748867678
154.87046748867678
165.06308488626092
128.6414662575199
155.1109942595505
155.11098094463654
168.78212325890868
163.5703530536995
154.60221402216735
154.60221317059703
168.33458568643746
129.46757577784842
155.7169887699136
155.7167992907075
168.94263993921464
189.79815431673245
156.77473678178774
156.70594202041536
169.62398963205789
193.03738338666722
156.28755634548628
156.2841802744932
169.62751828001342
145.0865148219172
156.89859304844126
156.89859304844126
170.0702751904546
128.68636151007908
157.0574100728091
157.0574100728091
169.9042556412965
128.26913123446235
156.49038648548031
156.49038648548031
167.18245254045166
200.38292862476175
155.94125555410412
155.94125555410412
166.7273657532956
199.79668657405475
155.8028466900829
155.8028466900829
168.30122885395076
202.35064554623193
155.4011950442398
155.4011950442398
166.91414324309082
202.07146330130175
155.05562513388304
155.05562513388304
166.86219779229515
202.6697517281109
155.4619233886873
155.4619233886873
167.7059825261772
129.83640599387888
155.12886595526984
155.1289019521729
168.76052938181328
134.61013321642136
154.72204794164824
154.72207242316904
168.44381639687333
165.54623641201576
154.5017437126455
154.50179685611627
168.32903378108392
124.59775728926887
154.0478921311859
154.0478921311859
165.6005838991483
207.03899544029434
154.7592885973869
154.75928866647772
168.4448712692521
201.39297171263604
154.38375162557637
154.38386066468047
168.2122817324754
173.24181311111957
154.12728110708173
154.1274490355561
168.0524916581959
126.10155860168794
153.76606020224176
153.7660770329943
167.744966093375
144.78047632757102
153.41409570975264
153.41411013998317
167.48743353588162
142.94572864576838
153.12014827672263
153.12016698702783
167.2881835853272
127.98448515108592
152.9199507152674
152.91996906943507
167.17098519520007
124.20722734056929
152.72174482161992
152.72174486969436
166.97332594472005
125.29147578474587
152.3094135966508
152.3094135966508
160.66237807779967
129.7975885228255
151.89505174957705
151.89505174957705
158.95967716136263
121.99497457115874
151.52791141923132
151.52791141923132
162.89606094276925
127.14171955912518
151.1341882405398
151.1341882405398
158.41265146510418
123.5896328312081
151.51478341285815
151.51478341285815
164.41699224895862
130.64755312618922
151.92107868974423
151.92107868974423
164.898549182389
130.82902355125677
151.65043587237136
151.72678993332784
166.27381417708222
172.40645083952126
151.95660496337752
152.14610058751984
166.38142273500102
133.87415256217608
152.49502098618822
152.49502098618822
166.89518816489453
123.7785219734279
152.15364329700148
152.15364329700148
163.7814914396264
199.941856269902
151.81985964637573
151.81985964637573
163.51725551202824
199.86315954615503
151.8926877609425
151.8926877609425
165.87295198326296
181.14562387591525
151.76929549509444
151.76933741985468
166.3505357655704
122.76170089366045
152.46207137199204
152.62163958358587
166.5140670742095
199.04140329105985
153.16724467776174
153.5005983090815
167.10923984510578
130.88666346580894
153.5667547209908
153.56682943583382
167.67003668116138
150.9974077996897
153.943999944001
153.943999944001
167.93716486696556
126.44664674304022
153.82353052536595
153.82353052536595
166.96513983802913
189.37516741718568
153.86817888284193
153.86817888284193
167.5452637228084
170.99480367134518
153.5578376946789
153.5578376946789
165.99992368382144
149.3817763151994
153.25350077344046
153.25350077344046
165.74559406382068
146.3200461178858
152.95523743841503
152.95523743841503
152.95523743841503
149.8299083378102
146.84168788267257
-2.343146413276145
142.54025252203144
139.73224661745647
138.42619077551942
138.11054607526958
153.86820311260178
137.4988208757614
136.57372104725584
122.60324920408073
129.9380610618953
135.9974529193468
131.69382739744125
134.73027220970252
125.92443450317435
134.69365967207852
127.19905539133353
134.0573796586573
131.6970872865471
133.70849571683365
128.06796669124336
131.11504354227534
130.54553015479183
97.10206919446509
124.14137768449359
102.48666354027651
129.79734804593733
131.02564213696968
129.89671758174646
121.81498920714156
131.9088125549297
128.3269662766358
130.63940239155198
129.2303132590932
129.3295084436576
110.75743139448517
130.10743513958548
100.06280423645113
138.9332702769674
121.01457225598517
108.42847208921344
61.256807239878576
145.16704632883176
131.97567611501267
121.37250184409565
113.13304421964453
109.55153874745929
110.17101915946968
108.89689814742707
110.46921753085063
110.124685401374
111.28074265883062
116.93541971882124
116.95483081451698
126.947494772255
123.3730825687696
125.73362386421032
123.97106610250177
124.35288798389695
125.1693177509259
125.08891453630957
127.09548390239131
126.78042136232499
126.64753006744185
126.27138072548118
125.90251583237325
157.58296390816844
127.52858829655811
126.04775093854494
127.02978225047436
147.94768454585778
126.54615605494654
125.97063985084414
125.52164468096618
157.31450984140974
105.26799078187234
124.5311748009266
125.18089605012942
125.90018899371977
125.65571048332532
125.24347456127092
125.18501729745519
160.23732647629262
136.0256122920015
118.03062645926317
104.2845621173897
132.51694363476201
116.54997632584855
104.16000096434179
94.28265994500038
160.84341433806725
25.438036859960704
154.31413691899158
151.2814464812217
149.81534607525987
146.77216341546273
145.22882164776837
145.01326894684544
155.52264740932443
144.1152418660248
144.3556368925172
143.7819067027113
147.67610195721784
124.64064605115585
106.94672899334508
93.199634871032
162.4109084574638
156.86563603094893
149.8532785593907
146.16370865708907
152.58956447383645
152.27996061198508
152.06664072373718
151.63690953886635
149.59505454748748
124.08477469647366
149.93791015863064
149.54419076125737
132.45040101245095
148.6642749130807
146.96910240732703
147.48762387385358
135.1538104862237
145.9307139542921
138.4814873512289
140.04641034640252
130.33838711395398
144.9794563648179
144.28973938419944
143.86245848802548
135.52954083269478
143.2515115548246
142.731277223478
104.74154008534941
128.4617868246055
139.94594566101554
141.0645154597398
114.59761445266423
129.6296664400003
106.96339880313465
136.3845689440765
139.18115690019692
128.01770437844834
113.17139428772202
137.5368775631433
128.71894328166164
125.46617439896885
110.175248325809
119.03544116650852
108.30365641758301
128.37138712006634
132.2016208977257
129.499814031356
130.01969831641938
0.0
123.21192877221175
123.21192877221175
123.21192877221175
123.21192877221175
123.21192877221175
123.21192877221175
123.21192877221175
123.21192877221175
123.21192877221175
123.21192877221175
123.21192877221175
123.21192877221175
123.21192877221175
123.21192877221175
123.21192877221175
123.21192877221175
123.21192877221175
123.21192877221175
123.21192877221175
123.21192877221175
123.21192877221175
123.21192877221175
123.21192877221175
123.21192877221175
123.21192877221175
123.21192877221175
123.21192877221175
123.21192877221175
123.21192877221175
123.21192877221175
123.21192877221175
123.21192877221175
123.21192877221175
123.21192877221175
123.21192877221175
123.21192877221175
123.21192877221175
123.21192877221175
123.21192877221175
123.21192877221175
123.21192877221175
123.21192877221175
123.21192877221175
123.21192877221175
123.21192877221175
123.21192877221175
123.21192877221175
123.21192877221175
123.21192877221175
123.21192877221175
123.21192877221175
123.21192877221175
123.21192877221175
123.21192877221175
123.21192877221175
123.21192877221175
123.21192877221175
123.21192877221175
123.21192877221175
123.21192877221175
123.21192877221175
123.21192877221175
123.21192877221175
123.21192877221175
123.21192877221175
123.21192877221175
123.21192877221175
123.21192877221175
123.21192877221175
123.21192877221175
123.21192877221175
123.21192877221175
123.21192877221175
123.21192877221175
123.21192877221175
123.21192877221175
123.21192877221175
123.21192877221175
123.21192877221175
123.21192877221175
123.21192877221175
123.21192877221175
123.21192877221175
123.21192877221175
0.0
0.0
0.0
0.0
0.0
0.0
0.0
0.0
0.0
0.0
0.0
0.0
0.0
0.0
0.0
0.0
0.0
0.0
0.0
0.0
0.0
0.0
0.0
0.0
0.0
0.0
0.0
0.0
0.0
0.0
0.0
0.0
0.0
0.0
0.0
0.0
0.0
0.0
0.0
0.0
0.0
0.0
0.0
0.0
0.0
0.0
0.0
0.0
140.21826703463742
154.08750108508568
146.31816069744985
142.30860148441994
0.0
0.0
0.0
0.0
0.0
0.0
0.0
0.0
0.0
0.0
0.0
0.0
0.0
0.0
0.0
0.0
0.0
0.0
0.0
0.0
0.0
0.0
0.0
0.0
0.0
0.0
0.0
0.0
0.0
0.0
0.0
0.0
0.0
0.0
0.0
0.0
0.0
0.0
0.0
0.0
0.0
0.0
0.0
0.0
0.0
0.0
0.0
0.0
0.0
0.0
0.0
0.0
0.0
0.0
0.0
0.0
0.0
0.0
0.0
0.0
0.0
0.0
0.0
0.0
0.0
0.0
0.0
0.0
0.0
0.0
0.0
0.0
0.0
0.0
0.0
0.0
0.0
0.0
0.0
0.0
0.0
143.55793084868282
132.6856688548647
129.77715707307757
0.0
0.0
143.55793084868282
132.6856688548647
129.77715707307757
0.0
143.55793084868282
132.6856688548647
129.77715707307757
0.0
122.83502443756811
112.53660475732913
115.85489375200756
