0.0
203.59608865389285
200.67481780026418
197.98942687386602
187.17966424019534
181.5914869648746
176.403908114692
163.23392605017256
167.2962566984869
177.0540100255724
169.24653924140756
156.3384936041295
156.04256693904736
176.94152452377702
162.01734745313277
160.33515202614424
165.52866025747593
176.98242058535607
164.20859231941057
144.9819592928138
167.45077251012447
180.24222424774104
169.1729785694016
122.10724035573621
159.75552017155687
177.75562502119624
164.6288457265373
138.48456700158212
163.21077747198316
178.34879187889265
166.9583322073916
158.89102066207886
167.73198451739657
176.89195724634516
160.25394847014925
143.93913651515282
161.4261539614401
178.25295105451352
163.79587038920525
161.27236283207463
