0.0
0.0
0.0
0.0
205.5395947343156
204.522747276234
197.62681726579507
185.37286466835033
181.97176289108842
173.99825045580434
173.99079563526027
162.88024285649135
179.76798250013823
156.0777469394493
167.60133474793653
158.66874177112285
177.57680988769607
153.25712938754234
173.86140592070632
159.40500251342223
176.79377292818896
163.04406922178276
169.6768269183571
161.3957428311953
176.74059477629712
159.85038406634095
174.06028944826565
160.42191764403648
180.62368631276834
162.0585518105874
169.46149724159423
145.28651550562086
176.881747095615
155.9303345011308
173.05983628808153
148.22294393457904
179.7838766750623
162.6206662449264
167.52163336791702
145.13987772153322
179.23179186745193
154.0426926656626
169.23269817208694
0.0
203.59608865389285
200.87944346698276
196.43180242576187
182.38544676351108
181.5914869648746
174.61002085031453
176.46286528452757
160.73745136608127
177.0540100255724
165.8930567302533
173.13198060970942
145.8157215255505
176.94152452377702
156.96572747131626
174.91214913979968
158.99030248867587
176.98242058535607
159.83297435073717
169.244811371909
161.63596538188685
180.24222424774104
165.97113623478927
167.7851341053904
150.9865145237043
177.75562502119624
160.43323206301656
168.01588581995404
155.93786001724737
178.34879187889265
163.34591376536483
174.05875763279505
162.1132963734424
176.89195724634516
154.78701500928605
168.91800385330356
153.46217481443895
178.25295105451352
159.43478179501716
175.19972842726105
