0.0
143.55793084868282
132.6856688548647
129.78706163599892
0.0
143.55793084868282
132.6856688548647
129.78706163599892
0.0
143.55793084868282
132.6856688548647
129.78706163599892
106.74451786577974
106.74898518109765
106.60821583607547
106.42535452684324
105.4493375230242
105.45101573029848
105.38824299695371
105.30401927430255
105.0091154258461
105.01255437135535
104.97278243977735
104.91835848863154
104.78900460993013
104.79245722044365
104.76341650476996
104.72325951384818
104.65693812036902
104.66012032590537
104.63726857546666
104.60546390643125
104.57364589111737
104.57177933825835
104.55294863351185
104.52662432666393
104.50772344015515
104.50862152808536
104.49261135632744
104.47015814115488
104.45883838602715
104.46122190421295
104.44729876853623
104.42772497216289
104.42215325003791
104.42433698563617
104.41202025181138
104.39467176684279
0.0
143.55793084868282
132.6856688548647
129.78706163599892
0.0
143.56556945697864
125.36303784374508
123.35555689062048
0.0
143.5603464963851
128.24768137669398
127.74357708534941
0.0
144.20823013990795
-496.43795132660296
-757.2835019406527
0.0
143.6952596463743
-529.817701948229
-817.8670487313966
0.0
130.6763060791872
130.23563457917436
130.16591722387844
0.0
144.06558791099351
-790.0273849420463
-532.6776649449647
0.0
143.64213789965402
-764.4792945851995
-381.8290289425188
0.0
143.72235279921918
-1751.8476993171116
-1996.203643744749
0.0
143.5579542078615
118.60799244783992
128.70334282213423
0.0
143.55793084868282
132.6856688548647
129.78706163599892
0.0
143.55793084868282
132.6856688548647
129.78706163599892
0.0
143.55793084868282
132.6856688548647
129.78706163599892
0.0
143.55793084868282
132.6856688548647
129.78706163599892
0.0
143.55793084868282
132.6856688548647
129.78706163599892
0.0
143.55793084868282
132.6856688548647
129.78706163599892
0.0
143.55793084868282
132.6856688548647
129.78706163599892
0.0
143.55793084868282
132.68512620285077
129.78705321788485
0.0
143.55908461073295
128.09104984862876
126.83312085915315
0.0
143.55951057792836
124.03355558782224
127.71095597991744
124.2445648032586
111.87368391263766
107.48427782576259
124.14975177423707
107.24549068714337
107.08401242654904
103.00932987732833
124.55986912000245
110.27549529505029
101.1739314876581
104.3520171449725
121.8611926197629
107.73185310495991
103.33768445417272
94.9848613136586
125.06254247871442
110.61986795923511
107.16522432346791
95.90795857858424
125.28030268145392
111.45532960005087
103.2541302748425
95.95749056276478
122.85292342201382
106.01045295598452
102.97121897636126
94.09827487351436
125.49175996088769
111.20016288383898
108.49631295511388
0.0
143.55950494576754
124.44645601767688
125.32568418916928
125.75787443683508
113.73393415821207
101.01355224349282
125.80571395418073
110.83554739050514
104.36343561033883
93.98218918521829
125.4658535295779
106.65986026971248
102.95300216225621
98.89183131660573
125.50588840103565
110.4670668813448
101.12905875757343
95.64881936634454
124.87185213319961
107.6606158567358
106.29304608283985
98.19383085606698
123.37776543844888
107.69261851217158
101.93120233355585
101.60445085023885
125.36046465256213
108.01285571246564
102.6322829660561
101.99938523498284
120.6381499472831
110.50071450431307
106.66089155862772
94.8950291644625
124.73532547920365
105.3654883310237
107.84668445027371
102.70454380388117
125.47718146101192
0.0
130.68157380489617
130.36744791768643
130.25254085433366
0.0
143.5595177517468
124.4705075303987
126.10470209714728
0.0
143.5594930918797
124.27868563044412
126.41655757324571
0.0
143.55932674524152
124.35732797176247
126.49596357714262
125.00304731183397
111.71553397466772
103.38291202737099
124.58622903421283
106.1176054865709
101.04265256340757
97.49849980670821
125.06268752959673
106.52079021692397
106.64854354352705
97.70282387522033
119.91197461939427
106.74510306071735
108.70482804892531
96.3177650165717
125.45034305528324
107.97576861432148
106.58259220514844
101.45440422602744
125.50233171525551
108.16560361734096
107.70601320417981
97.4085438351708
123.17972221201384
111.33760387546282
108.52203124125451
102.03154533894403
125.01726931783324
108.12174242828434
102.51809437061002
95.19031392477342
120.87720451442004
108.94902541533892
102.26079077093199
99.49937334183912
118.89325653415492
0.0
202.06579700730495
201.39684874458186
201.27585747730706
0.0
203.2572427163225
202.79517061339615
196.4275502421228
191.61036369720148
185.86054775509075
166.09047739596468
181.3371872285164
159.5881227322339
175.56897859797598
159.01239300756652
173.12417629082827
167.44829456037593
180.4581326559546
160.19979641664685
167.73314954436603
160.8869652013604
174.86373867746522
165.98847441323545
165.73255122703495
159.41888745951542
179.3723787370223
156.87832183508618
158.86925644074867
156.02906343154362
182.82342781642916
151.37864986462318
161.7286409328744
156.24025103845864
177.35358155126306
151.028243044781
153.2752334403403
161.6809805431341
179.55941576293554
160.17875925955272
152.0177854726082
155.35363157594315
175.1298503977129
152.45360450571746
168.0972786177242
0.0
201.01753827538607
205.3692493785687
198.28383535413587
194.72284755348488
177.99919636352155
166.2458515131506
181.70438337486533
167.8663727876654
175.98479590480025
159.42237463732846
160.9854883404646
156.75816207060632
174.87353627089004
154.71024706231532
162.48694914554068
154.28291605836984
178.3341747890605
152.82766158693042
173.55781489403282
167.4682904820135
174.85035638055845
160.53271292807435
159.909039585381
156.67644766244882
175.53949446260413
151.98309953538524
171.5935040176497
157.55359594139296
181.41434232031514
159.62792959470437
170.07526084246138
158.38378436981165
177.89214243492773
163.08465258930661
167.79724235060354
164.93846227689826
176.66142840026833
150.94484274093492
168.42147844910522
