0.0
203.45572858186063
200.66579322711118
197.98942687386602
187.28587765530162
183.47671870171504
176.48764620925942
163.23392605017256
167.44676191179383
179.22597581556167
169.3936911683752
156.3384936041295
156.2851152153889
179.05585587994523
162.24503935489537
160.33515202614424
165.67420195860262
178.9868835551487
164.40319747379138
144.9819592928138
167.57626062154887
181.39846997183105
169.3086808618426
122.10724035573621
159.95669705136842
179.37164522374601
164.8138011089741
138.48456700158212
163.37348390301497
182.58657201834959
167.11408143677116
158.89102066207886
167.8507075199161
180.1167853829999
160.4993495324018
143.93913651515282
161.60602195900032
179.69877197524718
163.98827598101295
161.27236283207463
