0.0
0.0
136.68045895780895
136.68045895780895
136.68045895780895
136.68045895780895
131.9491885847501
131.9491885847501
131.9491885847501
131.9491885847501
152.21332330089797
152.21332330089797
152.21332330089797
152.21332330089797
146.63752836946824
146.63752836946824
146.63752836946824
146.63752836946824
141.36594620359315
141.36594620359315
141.36594620359315
141.36594620359315
137.8518937623223
137.8518937623223
137.8518937623223
137.8518937623223
138.9623284015067
138.9623284015067
140.79855034060134
138.9623284015067
142.44094349557108
142.44094349557037
142.44094349692452
142.44094349557037
151.94566424474678
151.94566424474678
151.94566424474678
151.94566424474678
155.23834542160148
155.23834543367536
155.23834542161845
155.23816255204653
152.07684664408237
152.07684664408237
152.07684664408237
152.07684664408237
149.44128811185794
149.44128811185794
149.58943502272092
149.44171713637485
148.14738277118533
151.9340315753958
148.1473783540506
148.1473827711858
146.43855793378037
146.43855793377705
146.43855793377674
146.4385579334885
146.14790340529225
145.9036974980815
146.14790340529225
146.14790340529225
148.61599856273665
148.61599856273665
148.61599856259812
148.61514697267168
147.79395993762427
147.7939599373911
147.79395993767397
147.7955135231408
165.9831385689293
149.16805914525813
149.1681246840038
149.1681246840038
147.6568626595005
147.6568626595005
147.6537642899764
147.27248759287687
146.52276207241758
146.52872507003684
146.52872515189165
146.52872478635138
144.6024263024458
145.4222777124734
145.42227771537924
145.42227771537924
144.41646557937736
144.41646557937736
144.4174461458646
144.41646767512236
146.29810438262044
146.29796623248336
146.29810438318313
146.29810356232244
147.70505535878723
147.70505541404586
147.70505541362493
147.71209086127357
146.7948397939348
146.79483917335224
146.79483979474207
146.8743830930124
145.79440270223202
145.79440270223202
146.228649103584
145.78897684644173
145.18117723624005
145.1811772304081
145.18117723624044
145.18117723624005
148.4282368999691
148.42823689999824
148.42858107419914
148.4282368999691
149.8072133543432
149.80831161986868
149.8072133543432
149.8072133543432
149.12847486458708
149.0478522746303
149.15771541889924
149.12084627207923
148.47806089936353
148.47802171878214
148.47806089936353
148.47806089936353
147.66630351009667
147.66630351956687
147.66322726171728
147.66630351956687
146.94928752774305
146.9492875279847
146.93843576972444
146.9492872429004
146.34447777351494
146.3444777745794
146.34447777351494
146.34447777351494
148.78754394026592
148.78754394020262
148.78650786254056
148.78754390405888
148.10408660857726
148.10993336258355
148.24881539537387
148.11985279218422
147.46828039112538
147.32716262976786
147.46828039112543
147.4682803910079
149.70972303956955
149.7087560021711
149.709723047438
149.709723048356
148.9807166132786
148.98072272114555
148.95417853729373
148.98072272105546
148.43028163789242
148.43036918479004
148.4040442666565
148.43036918485058
149.43038185408557
149.43038171174254
149.43038798818543
149.37024616364513
149.6033504315791
149.6033504353019
149.6033504352811
149.60335043530137
150.18286834282412
150.18502952787003
150.19194340140442
150.18502952640407
150.09073743580143
150.09213105849935
150.09073743617185
150.09073743580123
149.41052905615163
149.41052905658856
149.41052891049122
149.41052905615166
149.55853477597813
149.5620275637719
149.55855104656575
149.5339323741429
149.07113250571032
149.07114796843783
149.07114794715022
149.07114796038567
148.6039271739353
148.6039273810923
148.60392781900347
148.60392737735333
148.17507879965478
148.1750505211723
148.17506813858125
148.17507670837117
149.94524330721163
149.94523734129868
149.9457461456448
150.09380701477727
150.56317280205397
150.65362883315998
150.65342618786497
154.64504924492604
150.2149169143422
150.21969459732105
150.21969459731835
150.21969460353333
151.05772962854866
151.05772965821055
151.05772962855136
151.05772962768796
151.25148892591594
151.251183769033
151.2511839732683
151.25118812318848
155.287190948861
150.73184684587744
151.07202655271306
150.73156930509305
151.8657340058469
149.95939964009315
151.86563332283424
151.86561889615587
152.13449006110423
152.1345281647479
152.1345758024456
152.20553706277926
152.03461748617303
152.03461725155518
167.07318804225324
152.0987158730133
153.00264587866363
151.23847785315436
152.73697528411213
153.7408142140733
153.65902458167236
153.5640710485447
153.19429304146226
156.83086014926607
153.20095213342515
153.1032919010056
153.21300066613892
153.20095347144732
152.75740351245528
152.75721769121765
152.85173119283937
152.7573129512837
153.18516975714664
153.3631557485535
153.18516967595744
153.74138050929298
152.80018522590808
152.8467501183103
152.72909434502253
153.34633225564963
153.51054702472132
153.5105459078624
153.51054634738284
153.51054241091774
153.75961990088516
153.79758831624696
159.8803513182613
153.76032708702186
153.63864171443936
166.10866842250903
153.58522350539505
157.85286658633544
153.16499488424282
155.56026960381814
152.9097930218295
153.50751278245397
152.74718326242152
152.99263687658538
152.7452672308291
152.74800125329045
152.9706852894796
152.97326043382895
155.26900174351692
152.97373272110627
153.55608223845024
153.5550716500931
153.55506885699867
157.24354872536287
154.29082534445433
154.29083477784997
154.1499560009417
154.30388749052284
153.99223664668855
153.85111299472334
166.80396292985336
154.01440230865498
153.47910683570683
153.6009329810475
153.58863239480084
153.5881748508778
153.1479143530885
163.1432576657898
153.11014616527615
153.17450376365804
153.60947667392662
153.72613795073036
153.79343435297602
153.6038037499525
153.2726210504049
153.3619318860724
153.36147867627787
153.36158900727636
153.53522213567263
152.93978465057984
152.9488002568473
152.94026383560617
152.5296900530741
150.0056886393094
152.52435535010034
152.53604279847445
152.11892789128547
152.12889729575312
156.7565838570817
152.1291106019111
151.73842501147422
151.47887025398097
151.7396702021329
151.73842586276388
151.36945460780876
151.36963597711159
150.9827484960634
151.36946912678243
150.97644577601525
150.9798467139927
150.98022667200894
150.9801543804926
151.84699168532387
151.84709907810995
152.12066636906496
151.8469919376973
151.02923792883945
151.97054236868672
151.97042387305248
151.97037078224398
151.90966487720317
151.68534093900735
151.68534069162075
151.63889474555265
153.78526457432017
152.21842803680596
152.21818620490598
147.02367796736803
151.93170249161693
168.10914314771605
151.9290923370573
146.92243522415808
151.67914590651787
160.51465965222727
151.66088192075355
153.79258146238374
152.40612515083657
150.46737702313013
151.34554985750685
151.40485273297006
151.10472290273313
151.13649805587488
151.13644100907126
151.13733029186142
151.7464059413054
152.82884278782726
151.7466557255479
152.64180589629453
151.47988282622165
151.84173860769064
151.01583176346188
151.47749421297135
151.15367414642293
152.38656657145535
151.39617307719888
151.15256654671737
151.33034814817958
151.31856183796265
151.3295048713991
151.33043639723536
151.0191102241223
151.02491412324298
151.08023426682826
151.07438916829207
151.22536636750428
151.20884552680104
149.882424579614
151.37020684083976
152.47671144299937
152.7419087452166
146.57811854065866
150.91019881433002
157.86140742073087
151.66449500566344
151.66437531538787
151.75850317575598
142.6366229291395
167.41255270069314
151.5433295661382
148.80155743509204
145.76381414528632
143.3639545259349
0.0
0.0
142.25003121580892
142.25003121580892
142.25003121580892
142.25003121580892
175.40498788460565
175.40498788460565
175.40498788460565
175.40498788460565
173.11949402263386
173.11949402263386
173.11947645088262
173.11949402263386
176.60106619421555
176.4389190859491
176.60106619421555
176.60106619421555
187.86905753230408
187.86905753230408
187.86905753230408
187.86905753230408
176.5034967415881
176.50349690120845
176.5034966940739
176.50349690120845
177.76661795406386
0.0
126.38345936522659
115.9714060807631
117.91163858324973
0.0
0.0
154.31734533375786
154.31734533375786
154.31734533375786
154.31734533375786
142.17018221219485
142.17018220900752
146.73286441466692
142.17018220900755
171.14029522425008
171.14029522425008
171.14029522425008
171.14029522425008
159.2624151320974
159.2624151320974
159.2624117852432
159.2624151320974
174.00591156247987
174.00591156247987
174.00591156247987
174.00591156247987
165.6068124605921
165.6068124605921
165.6068124605921
165.6068124605921
166.55135171942237
166.55135171942237
166.55135171942237
166.55135171942229
161.1793808010511
161.1793808010511
161.1792995079846
161.17938080112108
157.0008437517267
157.0008437517267
157.00084386782572
157.00084375172668
159.51176112416925
159.51176112416925
159.51176112416925
139.05642883468468
123.71733660089707
111.86426483054787
0.0
0.0
150.65932516794393
150.65932516794393
150.65932516794393
150.65932516794393
136.35084187909038
136.35084187909038
136.35084187909038
136.35084190673223
131.58105513884985
131.58105513884985
131.58105513884985
131.58105513884985
154.65158563779906
154.65158563779906
154.65158563778692
154.65158563779906
147.94549764078684
147.94549764078684
147.94549764196753
147.94549764078684
147.60806129245123
147.60806129245123
147.60806129245123
147.60966949781084
143.8195194137947
143.8195194137947
143.8195194137947
143.8195194137947
140.97807481116553
140.97807481116553
140.98312380585722
140.97807481116553
143.62405568431058
143.62405568431058
143.62405568431058
143.8722215385644
141.66493626375805
141.66493626375805
141.66506027372353
141.7056363697123
140.37063973080743
140.3706398713676
140.37063973080743
140.37063973080745
139.65027457375996
139.65027457375996
140.0196738855192
139.65027457382192
146.32372594857605
146.3237259453242
146.3335791049394
146.32372594857605
145.7592901182806
145.7592901182806
145.75929011908352
145.7593028478493
145.41647943487152
145.41647943487166
145.41950971649223
145.3627497173641
144.2144967570118
144.2144967570953
144.2107194427325
144.2145507748908
148.04332264520818
148.04332264520818
147.94773116295036
142.65430305055352
146.4689112203445
146.4689112203445
146.46891152252942
146.46861550151516
148.08135953410292
148.08135953410292
148.0813595385457
148.08136226496237
146.66103894200324
146.66103894200324
146.6610389394445
154.9772668213451
145.57606696206383
145.57606696206383
145.57534961897457
145.57606696206383
148.54287285512802
148.5428728551278
148.54287291800188
148.5358434753517
150.0468606026056
150.0468606026057
150.05193610976676
150.04689689990278
151.4845143458201
152.7237345523622
148.15332411880874
151.48451435876083
153.73051274407473
153.73051274407473
153.7305127439815
153.73051274407473
156.20412850548558
156.20412850548558
156.25362152138248
156.20412850548558
158.18730569652075
158.18730569652072
158.1875636036983
158.18582245689373
157.03063758572708
157.03063758572708
154.80328295792424
157.03055314588494
155.9010280551548
155.9010280551548
155.90102805583456
155.39333142476016
157.0507470551674
157.0507470551674
156.84126702384233
157.05074705499524
155.86055644220406
155.86055644220406
155.86055644220406
155.8605553056036
155.1045325486173
155.10453254944707
155.10452450105163
154.1436672174467
154.90593915716053
154.90593915716053
153.41664075795455
154.90593925944566
153.8772881374141
153.8772881374141
152.5878065282701
153.87728813744084
152.90709823673737
152.90709823673737
152.90474407166784
152.89659449609232
154.0263134945827
154.0263134945827
151.36151446250065
154.02631349461555
153.90230504464077
153.90230504464077
150.37061318990507
153.87158456242008
156.01797518022624
156.01804568401622
156.01797518041946
156.01785340811313
156.97713921538218
157.0161566320895
152.84028732796622
157.01419483367562
156.2964145462162
156.2963881287202
153.7389176948176
152.37992020625515
156.86348953587617
156.86162261970279
156.86348953587554
156.86394825511033
156.18145374893206
156.18118859801191
155.86787614105344
156.18145374893206
155.53044509166696
155.53042820814875
154.59416715422032
155.53044263919378
154.90848449430248
154.90848449430354
153.94159002830773
154.90848449430044
156.51335431205263
156.51335378610523
156.51100956335046
156.513354310988
155.85421082867907
155.85421082791464
155.85421081189122
155.85420737814303
155.60337544785057
155.60337544785057
155.6033754334546
155.52739804196597
154.96737614267957
154.96737614267957
159.66498353811323
153.44274324299957
155.12445419386418
155.1244541939528
155.12421364337723
155.1244541938643
154.51541215312383
154.51541215312383
154.51542070130736
154.51541215312386
153.93021549362308
153.93021549362308
153.93021637697703
153.88004202260518
153.2895438821299
153.2895438821299
153.28954329194946
153.29024825512758
153.42810058091837
153.42810058091837
153.42743448317972
153.4281005809184
152.8647776197139
152.8647776197139
152.87534938938595
153.03890945160177
153.52604578270012
153.52604578270012
154.55968289705575
149.84302427212899
154.93411454737375
154.93411454737375
154.929944740112
154.9341145470609
154.92786206356217
154.92786206356217
154.87272759333177
153.48328138822944
154.37709785562433
154.37709785562433
154.37710021512794
154.3770978566062
154.79160326293334
154.79160326293334
154.21043171303748
153.87702555820198
154.26149653238411
154.26149653238411
156.04842990867743
154.02909902731378
154.53439747113038
154.53439747113038
154.40346601636193
154.53368057474216
155.36387552180548
155.36387552180548
152.6180098650439
155.36725813515002
154.84995676977516
154.84995676977516
149.96042893613046
154.8499567723143
154.35201976854304
154.35201976854304
154.32103555199726
154.35201976845207
154.3060694876999
154.3060694876999
152.7404806965855
151.82495848555672
153.88543798879593
153.88543798996463
153.82064201032998
154.56589854529992
153.44405583430407
153.44405583430407
153.44439578409023
153.44405584292767
153.01561509895708
153.01561509895708
153.01559253292533
153.37055833341185
153.154464607911
153.15446460791102
153.1544557237008
153.14749734269287
152.74232682414458
152.74232682414458
150.99491288542433
149.54123176022716
152.34176203000155
152.34176203000155
152.34176214629423
148.90568404225795
153.42809458122622
153.36605167370055
153.42809458912194
153.35832775241633
153.00756054900754
153.00756054900754
153.01163278738622
153.0084556728519
153.31699249652635
153.31680040029252
151.24913078649706
156.67900272889102
152.90179690797547
152.90179690797547
152.90179020938683
152.87140287673
153.81878444694712
153.81878444694712
153.834971132057
153.8204703991686
153.91117901867727
153.91117901867727
152.5913529890367
155.60750545894166
153.48368650489635
153.48368650489635
153.47267274758684
153.9459390536036
153.64452823975475
153.64452823975475
153.6461346743481
153.63937265962576
153.72286018211432
153.72286018211432
153.7259910253819
150.48884662680277
153.32321491211914
153.32321491211914
153.32315292797108
152.9645319994214
152.93329962381443
152.93329962381443
152.95962854652169
152.93197638587262
152.88535820296394
152.88535820296394
152.88536013168286
152.88664041568214
152.56670457773043
152.5667045778032
152.25282827880486
152.97751040066896
153.0503266015508
153.05032683264133
152.31859146600465
151.23382107890603
152.73694116666752
152.7369411666675
145.90153763292318
153.0061759148936
152.46262023774466
152.46835112527347
156.924043589114
153.5644397659408
152.90391857244137
152.90391857244137
152.88665160921892
170.8615679468541
152.52491040674337
152.52491040674337
152.5375544499911
152.54806984150375
152.187214108881
152.187214108881
152.20310418563315
146.28631519188556
151.91708633720788
151.91708850949428
153.78325743528313
151.9171697143106
151.65260636263062
151.65258889740932
151.65235834831066
151.65279426907162
151.3378645787159
151.3378645787159
151.23149950347357
153.80032381628263
151.02978422167618
151.02978422167618
151.0298156173769
147.26413874923836
151.38196505154096
151.38194763992004
151.28318929381376
150.93025787527372
151.3358123390643
151.3358123390643
151.3358153802685
150.65307803297188
151.89239516299995
151.89239516299995
152.13576365853154
151.83114703071092
151.58990903901528
151.58990903901528
152.25068751265397
151.65145379161498
151.2934883668357
151.2934883668357
156.33885586926837
151.27880950153823
151.01588414473375
151.01588414473375
151.01588414473375
147.97763301658364
145.05669332227768
142.26603899216929
0.0
0.0
127.84330907403067
127.84330907403067
127.84330907403067
127.84330907403067
146.28136739119944
146.28136739119944
146.28136739119944
146.28136739120023
139.9372429955772
139.9372429955772
139.9372429955772
139.9372429955772
152.1633833341741
152.16347556219813
152.1633833341741
152.16338333417414
151.10022060046225
151.10022060046225
151.10022059726398
151.10022060046214
148.75690025222093
148.75690025222093
148.75690025222093
148.75689994765278
144.76753613522123
144.76753613522123
144.76753613522123
144.76753629163755
141.7122786492548
141.7122786492548
141.7122786492877
141.7122786492548
139.3360578441206
139.3360578441206
139.33605784419854
139.3360578441206
137.43508120265628
137.43508120265628
137.43508120265628
119.30159907596489
106.24196268889295
95.54599342118902
0.0
0.0
130.04252907348933
130.04252907348933
130.04252907348933
130.04252907348933
125.49165966729743
125.49165966729743
125.49165966729743
125.49165966729743
140.32136071119098
140.32136071119098
140.32136071119098
140.32136071119098
135.47647692832786
135.47647692832786
135.4764769283305
135.47647692832786
149.64128002528088
149.64128002528088
149.64128002528088
149.64128002529168
144.85840204642835
144.85840204642835
144.85840204642835
144.85840206882474
141.4415645947443
141.4415645947443
141.4415645947443
141.4415645947443
144.16692623506083
144.16692623506083
144.16692623506083
144.16692853781265
141.8373947883639
141.8373947883639
141.8373947883639
141.83739478839257
140.9021904107155
140.9021904107155
140.9021904107155
136.34019000595845
128.98806136396772
126.02160688700951
0.0
0.0
151.644596907879
151.644596907879
151.644596907879
151.644596907879
174.3443392471125
174.3443392471125
174.3443392471125
174.3443392471125
181.32590222790637
181.32590222790637
181.3259022279063
181.32590222790637
171.81477924352473
171.81477924352473
171.81477924352473
171.81477744844338
162.38660449982723
162.38660449982723
162.3865881034704
162.38660449982723
155.72360926213878
155.72360926213878
155.72360926213878
155.72360909193551
153.08060685233616
153.08060685233616
152.98853441486122
153.08060685233616
159.96442181310417
159.96442181310417
159.96442044630805
159.9644218130932
161.2274813599221
161.2274813599221
161.2274813599221
161.2273841595645
160.336964158978
160.336964158978
160.3369641589597
160.3369649557373
160.336964158978
160.33696437915236
0.0
0.0
130.02528786337857
130.02528786337857
130.02528786337857
102.2322488530081
87.03051654592234
83.81496950027557
0.0
0.0
0.0
150.04029887033118
150.04029887033118
150.04029887033118
150.04029887033118
135.52027281300937
135.52027281300937
135.52027281300937
135.52027281300937
130.6801291649006
130.6801291649006
130.6801291649006
130.6801291649006
130.3136601604805
130.3136601604805
130.3136601604805
130.3136602515848
141.55549099209435
141.55549099209435
141.55549099446662
141.55549099209435
139.49423204227045
139.50157051055461
139.49425279326852
139.49423204227045
138.02133569906826
138.02133569906826
138.02133569906826
138.02133569906826
136.91666343953955
136.91666343953955
136.91666344668337
136.91666343978085
139.91081231283374
139.9364440031952
139.9105351762983
142.2196901735395
143.06403498501453
143.06403498518077
0.0
0.0
225.4030646621558
225.4030646621558
0.0
0.0
223.44005075480453
223.44005075480453
223.44005075480453
223.44005075480453
176.7373791762513
176.7373791762513
176.7373791762513
176.7373791762513
173.5654342550831
173.5654342550831
173.5654342550831
173.5654342550831
160.83921928175616
160.83921928175616
160.8785138517793
160.83921928175616
154.39067975869867
154.39067975869867
154.39067975869867
154.39067975869867
150.09124065952136
150.09124065952136
150.09124065952136
150.09124065952196
150.26959184130465
150.26959184130465
150.26959184130465
150.2695918413047
147.0036807841715
147.0036807841715
147.0036807841715
148.93960562514792
156.19633419493726
156.19633419493726
156.19633419493726
156.19633419493726
153.4778627374711
153.4778627374711
0.0
0.0
123.32912983483101
123.32912983483101
123.32912983483101
122.76519043639695
113.93336334584941
119.8441191421723
121.3633632324913
121.3633632324913
123.73102899636112
123.73102899636112
0.0
0.0
130.04490316944185
130.04490316944185
130.04490316944185
130.04490316944185
140.51935844462167
140.51935844462167
140.53780636289366
140.5193584446224
159.23545541109036
159.23545541109036
159.23545541109036
159.23545541109036
160.96533269775685
160.96533269775685
160.96533269775685
160.96533269775685
159.13979894507116
159.13979876604085
159.13979894507088
159.13979893883905
154.2843970096554
154.28422290569927
154.28440727242324
153.99930067475276
156.04069871558931
156.04069871558931
156.04069871558931
156.04069871559074
152.10975705180428
152.10975705180428
152.10975705180428
152.10975705180428
149.12832892078038
149.12832892078038
149.12832892078038
149.3877955278596
146.48385654976101
146.48385654976101
146.48385654976101
128.92468055713417
115.61177594693318
104.83633759661514
0.0
0.0
130.01872254517585
130.01872254517585
130.01872254517585
130.01872254517585
139.52940576030147
139.52940576030147
139.52940576030153
139.52940576030147
133.07200134239017
133.07200134239017
133.07200134239017
133.07200134239017
129.83628782346943
129.83628782346943
129.83628782346943
129.83628782346943
149.986373460768
149.986373460768
149.986373460768
149.986373460768
145.13594927710807
145.13594927710807
145.13594927710807
145.13594927710807
141.67076653509702
141.67076653509702
141.67076653509702
141.67076653509702
139.44947302907343
139.44947302907343
139.44947302907343
139.44947302907343
137.7214224282452
137.7214224282452
137.72142242824526
137.72142242825507
139.76569561956532
139.76569561956532
139.76569561956532
119.4260342455175
115.1992551846018
113.01782273868069
0.0
0.0
120.5739784492577
120.5739784492577
120.5739784492577
120.5739784492577
140.29455955553593
140.29455955553593
140.29455955553593
140.29455955553593
134.29677315746883
134.29677315746883
135.50379075192367
134.29677315746883
154.16962251919108
154.16962251919108
154.16962251919108
154.16962251919108
169.75794971821932
169.75794971821932
169.75794971821932
169.75794968732805
168.5778757809064
168.5778757809064
168.5778757809064
168.5778757809064
162.99661079510798
162.99661079510798
162.99661079510798
162.99661079510798
160.93212847506754
160.93212847506754
160.93212847506754
161.03757894282506
157.8275647829069
157.82736919778415
157.82756476659796
157.82756479363184
164.89407962008812
164.89407962008812
164.89407962008812
140.5320355127268
122.51398937376884
108.50194844954613
0.0
0.0
127.48896202196671
127.48896202196671
127.48896202196671
105.45447800368039
91.35288880118469
86.47614965655627
0.0
0.0
0.0
213.82731447338006
213.82731447338006
213.82731447338006
213.82731447338006
208.96134022666388
208.96134022666388
208.96134022666388
208.96134022666388
181.8024722191625
181.8024722191625
181.8024722191625
181.8024722191625
173.24195547119115
173.24195547119115
173.24195547119115
173.24195547119115
174.93928420411197
174.9392842041119
174.93928420411197
174.9392828938823
167.0735239446924
167.0735239446924
167.0735239446924
167.0735239446924
161.45437492233322
161.45437492233322
161.45437492233322
161.45437492233322
161.5700406398321
161.57004063983217
161.6871073569605
161.5700668948178
157.8113654205622
157.8113654205622
157.81133734623896
157.8112945413252
154.80417695289296
154.80417375374626
154.80417695289296
154.8041784510129
152.41560349646798
152.41560349646798
152.4156025905219
152.21169826503993
149.8660676554334
149.8660676554334
149.8660675858856
149.8660676554334
148.11015315907886
148.11015315907886
148.11015315907886
148.11015315907886
152.16685980324488
152.16685980324488
152.2858449171779
152.13197720971104
150.91393806997374
150.91393806997374
150.91393806997374
150.91393806997374
150.22724215820338
150.22724215820338
150.22724215703153
150.22724215820338
154.15994130910107
154.15994130910107
154.15994130910107
154.15994130910107
152.50142262945886
152.50142262945886
152.50209281623742
152.50141147049567
151.0120778100698
151.0120778100698
151.0120778100695
151.0119005175635
154.97597277829956
154.9759727731621
154.9913552787479
154.97572116384717
153.56696732533658
153.56696732533655
153.56689643506976
153.56696732533658
152.28573887012058
152.28573887012058
152.28573888954108
152.28573887012058
151.19834196479246
151.1983419555777
151.1983419643834
151.1982827044274
150.20103955600925
150.20103955512656
150.20103955600925
156.2378732613562
149.2835214378762
149.28352102296253
149.2835214378762
149.2835214378762
148.43658163652697
148.43658163652697
148.43998202845358
148.43658163626014
148.19117913772737
148.1911790042093
148.19117913774076
148.19117913774076
147.31159653950905
147.31159653950905
147.31159653950905
147.31167758680465
146.70779837385987
146.70779783230748
146.70779793246587
146.70779020505614
147.97459922834986
147.97459922834986
147.9745992625242
147.954208842999
150.73093862474232
150.73093867379
150.73093883188366
150.73093862631356
150.00628961645094
150.00628961644887
150.00628961644037
150.00628947934499
151.38331083609563
151.38331083609563
152.79837026599986
151.47284362985704
150.8989096220233
150.8989096220233
150.6464419454253
150.89890962202327
152.98437208231556
153.08482377949267
152.98437218194675
152.97188930763565
153.59179909751467
153.59179417113063
153.59179913404787
153.61240773053842
155.64516751727547
155.64516751727547
155.61683961495947
155.64516750851783
154.73420461364586
154.73420461364586
154.7342046136422
154.73420461364591
154.05372219230367
154.05372219230296
154.0537221924909
154.05372219230404
153.9164490414539
153.9150697968
153.71648266560857
153.71816742018268
154.6434796798975
154.6393871114215
154.64342305680347
153.56017529602516
154.92196222995253
154.92196222995253
144.9462326878382
154.89577507455343
154.3785482971935
154.3785482971935
153.59647854214765
154.37854830117416
153.65327135731835
153.65327135731835
153.65512630343386
153.70127148491648
154.98815099374053
154.98815099374053
153.58246047230736
156.2150113670863
154.37070707335587
154.37070709803803
154.37070607637799
154.37070692525657
153.77898612772768
153.77898612648218
153.77898612733662
153.7789861277279
154.0356297551547
154.03562975499318
154.03855148141787
154.03553381666984
153.47488477765032
153.47488480294996
153.47488477765353
153.4756744820801
154.76979103618868
154.76979103447198
154.7698875541157
152.1139363037416
156.16728245592125
156.1672824581654
156.16727925886238
155.9703539465302
155.50649997970675
155.50649997970675
155.50650423058678
155.87730546420798
154.87046748867678
154.87046748867678
154.87026183623917
154.778987917642
155.1109942595505
155.11096554940707
157.19300301028812
153.46987739853182
154.60221402216735
154.6022135962844
154.57163474990355
154.6023095053311
155.71698877612587
155.71698877778047
155.71699485078102
155.71204235771188
156.77473678212777
156.7747367821276
156.82891865914632
154.74325048134818
156.28755634548628
156.28814111707788
156.28585187870567
156.47522930155893
156.89859304844126
156.89859304844126
156.88874232374627
156.89879356642294
157.0574100728091
157.0574100728091
157.04740983824533
159.4081567965855
156.49038648548031
156.49038648548031
156.490385358025
156.49038649175816
155.94125555410412
155.94125555410412
155.94127015211112
151.89918161431498
155.8028466900829
155.8028466900829
158.73974873690312
155.80284508682075
155.4011950442398
155.4011950442398
155.40116173999635
155.39301221819667
155.05562513388304
155.05562513388304
159.73695853148067
151.81116681157482
155.4619233886873
155.4619233886873
155.46192338867644
155.38503179678472
155.12886595526984
155.1288653007746
155.12885473218117
155.12886718220736
154.72204794164824
154.72204242612716
155.69199989284485
154.72202966698964
154.5017437126455
154.50174370077488
154.52277652835943
154.5017437126783
154.0478921311859
154.0478921311859
154.04789213119307
154.04789576913203
154.7592885973869
154.75928859914964
160.4471335606036
154.77913896332356
154.38375162557637
154.3837694183983
154.26168933348978
155.56476411310268
154.12728110708173
154.12728110708161
153.2731396297255
154.12728110708193
153.76606020224176
153.76606019632166
153.76606080321793
153.76606327382368
153.41409570975264
153.41408135631775
153.41409777408768
151.4183420990335
153.12014827672263
153.1201508397886
153.12011248719662
153.11940255279123
152.9199507152674
152.91995071526867
152.9199507140486
152.9201284682923
152.72174482161992
152.72174480460635
151.73996689428674
152.7244225795192
152.3094135966508
152.3094135966508
152.30940076366258
152.30941359664988
151.89505174957705
151.89505174957705
154.3604016163512
151.89521775931095
151.52791141923132
151.52791141923132
151.52735842849427
154.82239402880538
151.1341882405398
151.1341882405398
151.1341789527813
151.1360192901778
151.51478341285815
151.51478341285815
151.5147827521139
151.5266282304561
151.92107868974423
151.92107868974423
151.91727261460503
150.4347851330414
151.65043587237136
151.62508884278438
151.65043759569406
151.23681571950732
151.95662985088822
152.01121473975576
150.69541990077994
151.95663332690134
152.49502098618822
152.49502098618822
153.96875090488984
152.49514720593876
152.15364329700148
152.15364329700148
152.163714319049
152.15364406039174
151.81985964637573
151.81985964637573
151.35470925814303
151.89939686046193
151.8926877609425
151.8926877609425
158.73585006336006
151.87072012907728
151.76929549509444
151.76929549836083
151.77306763155636
151.71705884263363
152.61939011687878
152.61824389421176
152.6169287466694
152.74358047860474
153.49602667254632
153.4953976286288
153.57162325318075
153.4959144804102
153.5667547209908
153.56681063416494
153.58029037657522
153.56675310249608
153.943999944001
153.943999944001
153.94396772420512
154.3307848072337
153.82353052536595
153.82353052536595
155.6956352015908
153.8235137051491
153.86817888284193
153.86817888284193
153.86817487243954
153.86818110381552
153.5578376946789
153.5578376946789
152.41564629785606
156.94497924358427
153.25350077344046
153.25350077344046
154.63596772657644
153.02031466560118
152.95523743841503
152.95523743841503
152.95523743841503
149.8299083378102
146.84168788267257
143.96659848887194
142.54025252203144
139.73224661745647
138.4261907755227
138.11054607526958
137.82253333040907
137.4988208764713
136.87300761487
136.5990414905994
136.40547971136937
135.99774726569737
135.35520372057852
135.12422271634637
134.98326005019015
134.69365967407822
134.24179601580352
134.0630199719012
133.8600318568621
133.70851948459756
133.31060050627622
133.14317935377872
132.88503718037626
132.72536314726332
132.25583736756033
132.11691322568538
139.82962915358232
131.8069258334335
131.40233250683158
131.31777178627237
131.17276782082527
131.0523073125547
130.7405721611606
130.7053990818667
130.527382399979
130.4231864114114
130.1150146962228
130.06488531348228
138.9332702769674
121.01457225598517
108.42847208921344
98.61747745098981
145.16704632883176
131.97567611501267
121.37250184409565
113.13304421964499
109.55153874745929
110.17101915946968
108.89689814742707
110.46921753085063
110.1247113589516
111.28076501867918
116.93541971882124
117.90300789933994
117.22788993228467
123.3730825687696
124.3235489694715
123.97106610250177
123.14218966547126
125.1693177509259
125.09189661213378
127.09551300801554
126.91654382020965
126.99064530178698
126.1705891760679
125.90475812688977
125.28342280557457
127.07007834635924
127.22683527892421
127.05201600594167
126.52569386509437
126.5461788900522
125.97073514107136
125.80372661194112
125.32409033736779
125.17872245143863
124.2742714778549
125.18089610241866
125.05287812394741
125.8165595345823
125.69576156915345
125.64409716685809
160.23732647629262
136.0256122920015
118.03062645926317
104.28456305347014
132.51694363476201
116.54997632584855
104.16000096434179
94.28265994500038
160.84341433806725
157.51005883050075
154.31413691899158
151.308909039464
149.81534607525987
146.77216341546273
145.22882164776837
145.01326894715683
144.897414837539
144.7081736039681
144.3556368925172
143.78190698234872
147.67610195721784
124.64064605115585
106.94672899334508
93.19963487103207
162.4109084574638
156.86563603094893
149.85327855933255
146.16370865708907
163.59768199752276
152.27996061198508
152.0667211692371
151.63690953886635
152.57631835230666
150.747262489531
149.93791027160643
149.55990443600137
148.26774477874622
148.6642749130807
147.8471898093274
147.4878101842952
146.85150822935088
146.6676706587336
145.91261663896927
145.6313813799778
145.45867168837736
144.97949089111597
144.2898029299877
143.93286487349022
143.57417960323016
143.2941018436399
142.7589018864225
142.45269182467135
142.11537413946175
141.81497966491045
141.16182626242255
140.97721781056586
140.72849577891853
140.4628449830281
139.8717233665143
139.62418245279102
139.61676523017837
139.20524226718246
138.78154139732965
138.65124125098401
138.42900352151224
138.2595939557841
137.87055867340334
137.7648083935819
128.37138712006634
129.19308375681692
129.499814031356
129.6121539057849
0.0
123.21192877221175
123.21192877221175
123.21192877221175
123.21192877221175
123.21192877221175
123.21192877221175
123.21192877221175
123.21192877221175
123.21192877221175
123.21192877221175
123.21192877221175
123.21192877221175
123.21192877221175
123.21192877221175
123.21192877221175
123.21192877221175
123.21192877221175
123.21192877221175
123.21192877221175
123.21192877221175
123.21192877221175
123.21192877221175
123.21192877221175
123.21192877221175
123.21192877221175
123.21192877221175
123.21192877221175
123.21192877221175
123.21192877221175
123.21192877221175
123.21192877221175
123.21192877221175
123.21192877221175
123.21192877221175
123.21192877221175
123.21192877221175
123.21192877221175
123.21192877221175
123.21192877221175
123.21192877221175
123.21192877221175
123.21192877221175
123.21192877221175
123.21192877221175
123.21192877221175
123.21192877221175
123.21192877221175
123.21192877221175
123.21192877221175
123.21192877221175
123.21192877221175
123.21192877221175
123.21192877221175
123.21192877221175
123.21192877221175
123.21192877221175
123.21192877221175
123.21192877221175
123.21192877221175
123.21192877221175
123.21192877221175
123.21192877221175
123.21192877221175
123.21192877221175
123.21192877221175
123.21192877221175
123.21192877221175
123.21192877221175
123.21192877221175
123.21192877221175
123.21192877221175
123.21192877221175
123.21192877221175
123.21192877221175
123.21192877221175
123.21192877221175
123.21192877221175
123.21192877221175
123.21192877221175
123.21192877221175
123.21192877221175
123.21192877221175
123.21192877221175
123.21192877221175
0.0
0.0
0.0
0.0
0.0
0.0
0.0
0.0
0.0
0.0
0.0
0.0
0.0
0.0
0.0
0.0
0.0
0.0
0.0
0.0
0.0
0.0
0.0
0.0
0.0
0.0
0.0
0.0
0.0
0.0
0.0
0.0
0.0
0.0
0.0
0.0
0.0
0.0
0.0
0.0
0.0
0.0
0.0
0.0
0.0
0.0
0.0
0.0
159.74219793460236
154.08750108508568
146.31816069744985
143.60033278516508
0.0
0.0
0.0
0.0
0.0
0.0
0.0
0.0
0.0
0.0
0.0
0.0
0.0
0.0
0.0
0.0
0.0
0.0
0.0
0.0
0.0
0.0
0.0
0.0
0.0
0.0
0.0
0.0
0.0
0.0
0.0
0.0
0.0
0.0
0.0
0.0
0.0
0.0
0.0
0.0
0.0
0.0
0.0
0.0
0.0
0.0
0.0
0.0
0.0
0.0
0.0
0.0
0.0
0.0
0.0
0.0
0.0
0.0
0.0
0.0
0.0
0.0
0.0
0.0
0.0
0.0
0.0
0.0
0.0
0.0
0.0
0.0
0.0
0.0
0.0
0.0
0.0
0.0
0.0
0.0
0.0
143.55793084868282
132.6856688548647
129.78706163599892
0.0
0.0
143.55793084868282
132.6856688548647
129.78706163599892
0.0
143.55793084868282
132.6856688548647
129.78706163599892
0.0
122.83502443756811
112.53660475732913
115.89608964294068
