0.0
191.1332491422725
190.61157668856546
185.38684097803488
184.44125928276958
116.71286944578493
157.76749826966045
137.21906519629425
167.93080092977402
144.55844206473367
168.011238710334
142.23859136382066
179.83934664425396
174.77324887464917
169.18656886574203
156.49104252266005
163.47445507692288
178.18336727791993
164.8753241207695
137.74921529823496
161.63457166692606
165.23749097933234
165.2503849921633
157.73013950241452
161.0053698658447
169.5072231726836
159.07178102968243
162.23867867175727
163.1388638795191
178.78871311132022
159.77005603692848
161.0448717082829
167.47939580426504
177.34367785911616
157.30770726561246
138.8983633674779
161.68697540614903
176.03154755268122
159.67610798972137
165.3762234991128
161.1689139643205
159.88852075909878
160.7127067970497
154.50335925500968
164.52375885391157
167.7621496985722
159.06565670985262
130.34662242523035
166.86914916593554
175.56000366509218
167.8573451115615
164.22872224209686
171.8516608157235
169.90849938275576
163.3177416332794
165.9251474354252
169.0827162445481
168.4977155919538
170.11271539446042
149.11677474534898
165.95789477475464
169.9332835267599
158.73479717075548
151.38320817636634
167.37691552436814
168.13355879086402
159.40202009315058
141.12916517354103
166.98082402772394
175.7925129573157
163.1351896430141
152.9330170580244
154.57462490515186
162.98627824528268
170.44042426030813
165.78312234143146
169.60219809545802
179.6567516971698
163.7002638938379
165.07655250126618
156.31966596987306
180.14395650719786
170.68859056880555
132.23684045981582
166.9630249480405
183.96211191263203
159.4439770679512
170.0123705933326
172.21930553784387
163.34648425904385
136.71479756957447
137.8497225635778
127.16589576632022
116.37982724842072
117.89079263084014
103.99973408598758
127.35314338964747
109.41315600126214
114.6565515848527
109.04310903819353
136.9633304004844
114.7587080786079
105.22950265559294
120.04639353037444
103.2231744912009
133.0876113573979
110.0541468983928
103.9768150044843
157.8484902353553
160.08376664313982
125.63383943076941
111.19301837474069
142.05398344135656
159.6599992874792
118.02243997743852
99.07591255272217
140.7903615529316
155.81468358610647
114.33774641713927
115.66216331285311
137.54788634176361
171.47229614343803
112.80654156725244
105.5653257195005
131.9326307904729
170.53637357715942
102.0324571666051
111.64851131466752
169.2880517782539
148.84410105109598
152.28211871830308
161.07882114098896
174.5321153508226
175.64353076255892
168.068346072482
166.5074835099281
167.84510287782362
160.78393921283055
157.17053281305328
144.1777929729929
168.4403214734823
177.52447450185522
165.5345831775864
123.54922211477515
168.4751706854562
167.37287203319653
160.2614739903394
156.26697955158414
159.82832169674404
172.37933348699133
164.52009928265355
149.47899229753176
162.5242575132963
165.20111461120564
155.49260993661804
142.03721991623217
163.89883060616754
164.4728114500148
157.5487606585272
150.381368719963
156.2050234918209
178.30626788475755
159.80501930951814
126.44961569279735
159.80826660971906
178.96734586580823
166.6739515442433
122.36007520737724
164.43593640395736
149.17335894935732
129.28678959366312
105.97509977224763
158.4789792179592
183.48308585405215
136.46928935457345
134.3550541219956
155.3726088281362
166.43667513310945
131.7119176118852
105.86645930222065
151.155166513684
163.02660605105956
138.15816093115367
110.93368564212602
147.4865367340447
168.53107465996325
126.02577400858749
95.68875545348376
140.44119599870666
166.92549495357946
118.20409271403673
105.96178081361937
140.56395752039796
154.58594682723444
113.21302879402307
99.34529972792092
140.54131221183425
162.76976681004749
113.48791368167416
99.48017694077288
139.5333047675847
160.77379723896846
114.8035894077486
104.27803708762667
144.2875344166456
151.59202723445196
112.21843791084228
100.43119540216317
