0.0
203.45572858186063
200.8709039109732
196.43180242576187
182.5019851708626
183.47671870171504
174.6975494133796
176.46286528452757
160.9024929210771
179.22597581556167
166.04877685502788
173.13198060970942
146.1008180303906
179.05585587994523
157.212854320991
174.91214913979968
159.1500567004818
178.9868835551487
160.04203162428615
169.244811371909
161.77268530021396
181.39846997183105
166.1146871859504
167.7851341053904
151.21443859559943
179.37164522374601
160.63153079670175
168.01588581995404
156.1182936297619
182.58657201834959
163.51161156721858
174.05875763279505
162.24256154541362
180.1167853829999
155.05560939945187
168.91800385330356
153.6636101242626
179.69877197524718
159.641698591359
175.19972842726105
