0.0
209.58912065200548
207.7583546503264
204.13298030409854
190.96738160525516
190.41755904074685
181.13551452725207
185.33131285352036
171.4778937646369
186.3652553007348
175.0395944895811
183.01498676216605
164.75825824784735
186.0882302815253
171.2671897805335
183.8468386274353
170.03657217148216
186.10963633499873
172.25710804214916
180.28497903301965
170.90296150205862
188.86315352432678
174.56715334512236
176.7750085362804
166.69946618400633
186.91314282450372
172.31633954572888
178.9737204303068
168.59990292245428
182.56442930209604
173.42192406667544
183.1854835006382
170.90121568007285
183.5825499731314
169.8380293758458
179.82227431591207
167.54768124681115
187.27616395117775
171.7780903116368
183.7638983763236
