0.0
209.6672129017941
207.7544967732136
204.2833023313435
193.73814540945077
189.85312974315013
182.2802860269107
178.6048893585558
175.34931430451672
185.62854406909722
177.03142995188392
173.64629546857745
169.84737807740768
185.37053023174306
173.66731330297029
174.76927226287862
173.98435568961318
185.41793951962705
174.50363350157332
169.70121712944848
174.65927459494475
188.36532879299872
176.53090377527334
164.01531917660398
171.24591063030647
186.3058326494264
174.51732392053907
167.74157552372603
172.74663995379782
181.5947927477189
175.4846363488887
173.9024078355786
174.6065833207064
182.72935451408387
172.31923158558828
169.1097408035424
171.87136399631382
186.71400105172742
174.01047605815012
174.68843242550722
