0.0
0.0
0.0
0.0
210.51553743115915
209.47572237641566
204.74677988909656
192.29239100825714
190.45739770385364
180.8635677609978
182.90915098210957
172.16924810754864
188.33219298203173
171.11868530428092
178.71379098817735
170.04993561458963
182.7356434288284
169.5279095214276
183.28240271960573
170.10944575334628
183.41179280245876
173.4355407893188
180.61661107700965
170.73652208806726
183.29482925209112
172.0628076013284
183.25693177474085
170.28716734796396
188.58839749762186
172.87794707513137
180.33494568782527
163.81019844508796
182.8235638105463
170.2864630497555
182.6230136899485
165.27037975080353
187.9457301108544
173.0112071945756
178.02150292869567
163.6348680107615
187.51598263304362
169.34926801998773
180.0607958151637
0.0
209.6672129017941
207.76858938722094
204.13298030409854
190.91314358627162
189.85312974315013
181.08047353461438
185.33131285352036
171.38841919910197
185.62854406909722
174.9533488591576
183.01498676216605
164.6370349162466
185.37053023174306
171.16044556822902
183.8468386274353
169.95325181754623
185.41793951962705
172.16124690872977
180.28497903301965
170.82727437584987
188.36532879299872
174.48982454179298
176.7750085362804
166.59936730733864
186.3058326494264
172.2251687374255
178.9737204303068
168.51331232453293
181.5947927477189
173.33998416517534
183.1854835006382
170.82960191892414
182.72935451408387
169.73048987139893
179.82227431591207
167.45617419990288
186.71400105172742
171.68629961870622
183.7638983763236
