0.0
209.58912065200548
207.74413196138906
204.2833023313435
193.78806989956766
190.41755904074685
182.3335503587225
178.6048893585558
175.43335170908836
186.3652553007348
177.11414135691263
173.64629546857745
169.959483442074
186.0882302815253
173.76910150072177
174.76927226287862
174.06204758057285
186.10963633499873
174.59509709151632
169.70121712944848
174.72980348822855
188.86315352432678
176.60477381688443
164.01531917660398
171.3386675644299
186.91314282450372
174.6042312934465
167.74157552372603
172.82701487475123
182.56442930209604
175.56277237194365
173.9024078355786
174.67309806756603
183.5825499731314
172.42143849756405
169.1097408035424
171.9561389385957
187.27616395117775
174.09786152136638
174.68843242550722
