0.0
190.26749079849967
194.394460070069
191.7230525613803
191.09951837634156
147.036663368372
172.4115358962124
157.27362203253767
189.29797649520012
179.75832127997455
186.83178617573734
176.03227208969017
185.80340435162887
190.33747086488503
178.71236779670525
176.7869794213836
174.0237484280875
191.56834206820034
176.10435517712273
172.09459169032635
173.27189342430734
184.93842646843584
176.21432111198146
177.7045216568791
172.95029465431986
187.1794577621851
173.13562473721097
179.2054701378759
173.87898370570846
191.88119286738137
173.5035824734483
178.79411805078794
175.6559392569415
191.1675625700123
172.00982314481035
172.31475918346678
173.21149694632206
190.5146199417293
173.4220829895161
180.29326066804168
172.96708245700216
182.13110710050069
173.97086218831953
176.6561912860702
174.42800207594127
186.2608257826447
173.05872641604788
170.3917984167194
182.21350595561452
188.33952004181577
185.72207688536406
185.7355206844415
180.57152928262624
188.5010614388508
176.804279410982
182.16684822883002
176.3652087560202
188.28027879715006
178.53743428860412
177.44818406058045
175.37265529341244
188.89152145682067
174.1898617691694
177.9444963014755
175.90804825182377
188.3109441118072
174.4787308384594
175.63965123737412
175.77745015409593
191.1554227572259
175.98259070837474
178.29125723989202
170.80800321172626
186.7738329624262
178.64929107662817
181.6297486628337
176.72232714930894
192.72404890066156
176.1920682416875
181.42855068069971
171.62959028045304
192.92620529731815
178.7322419430293
173.80720916092892
175.78602012792157
194.54734289574208
174.4808155189726
182.86497429468847
190.27740454717195
184.8645742148002
159.39508528469483
159.648306790265
152.73896433173186
146.46569144898996
135.23367910337467
130.10791499635152
162.72389631805214
132.50675001953763
140.73404618617698
140.7820542673987
167.58936110484126
125.3409401963842
126.3827290505974
150.11987429252238
121.14863801747285
166.88999322768296
126.26909238377661
117.61318663744613
168.44917047929897
169.6791056430966
135.7529195563819
141.58691470072358
167.64992073695427
177.3056826317387
138.67195411084836
121.79207717577398
167.99955410179604
174.37968387053303
128.2454194299938
129.27360466893086
167.39853390035188
180.12128867251397
127.33170090118087
134.0234979322403
165.7439519715238
183.43177018991358
123.0990609535189
139.08800811235085
183.60497930132848
178.49773388879555
181.06685626273133
189.64093128719435
181.60177022178775
192.10986842105387
178.73809018462725
187.04851292617388
176.26824414135967
184.91291673320893
172.86546720328147
178.94001401933951
176.44418331587744
192.97570772574178
176.8720856796648
172.29139999466463
176.41781737323126
188.40935385039379
174.45689072800067
183.13966003133038
172.81278089773187
190.75332218700711
176.3845194695482
180.7127388162404
174.00073142840697
187.3288750992701
171.55699814187724
178.1276748330738
174.5647725876595
186.9504887138444
172.90914901136483
181.0208021112968
170.9184955544165
193.34232309299347
174.1509830936769
173.08325741580515
172.75260543037672
193.62305465033964
177.22530967701232
171.86727895610804
174.76078439994083
167.39738687643305
147.17698282392251
125.68533146410914
179.55436329114832
196.15180442366983
141.5270058082616
165.31713403302538
183.29693546619103
186.31257316634728
162.8155517465791
140.64657226144868
180.9712657635992
177.67798551876484
162.38350708297963
139.2460354989663
179.53301552422536
179.00054839137525
154.90049894759193
128.09548335064466
171.5222875501649
181.0287311699891
126.72512151836773
135.57883697455918
174.80809968862894
183.2554153280315
140.79159216955745
130.96157378149877
174.84829508614186
187.90929597884843
141.84224817687965
128.20093456549108
173.94725500200016
188.52627714907362
145.02554985045523
137.91108418370015
177.65381232915848
185.1882027160575
143.15444700361036
134.09460296042215
