0.0
0.0
136.68045895780895
136.68045895780895
136.68045895780895
136.68045895780895
131.9491885847501
131.9491885847501
131.9491885847501
131.9491885847501
152.21332330089797
152.21610262222313
152.2133490750699
152.2138170344349
146.63752836946824
146.63752836946824
146.6375283714471
146.63752836946824
141.36594620359315
141.36594620359315
141.36594620359315
141.36594620359315
137.8518937623223
137.8518937623223
137.8518940259862
137.8518937623223
138.9623284015067
138.97841820432447
138.9623284015067
138.96232840207153
142.44094349557037
142.4409441100929
142.44094349557037
142.44094349557037
151.94566424474678
151.94566424474687
151.94566427179478
151.94587552517172
155.23834542160174
162.49443479841298
155.60509100901143
155.23834542160148
152.07684666781583
152.07685324307508
152.07684664408237
152.07684664408237
149.44128811187818
149.44128811204226
150.7876061202476
168.6226613234819
148.1473827712946
148.22503797385954
148.1473827711858
148.1473827711858
146.60549727406098
146.43861028554866
146.43855793377705
146.43855793377705
146.14793316981488
146.14790340529225
146.14790340529225
146.1479034090867
148.69437036831098
148.61600282366575
148.6159985637333
148.61599856273665
147.79395993907684
147.79395993831037
147.79396227593713
159.448570434586
149.3271527666349
149.16877120052862
149.1682422072497
150.08656880008496
147.65707845213558
174.20017034494026
147.65686265950097
147.6568626595046
146.52872515189208
146.52872515192524
146.52948431836717
149.43630916273509
145.69801275662886
145.42228880182714
145.42229164050838
145.42448489348064
144.41646564740338
144.41648917780756
161.30164115240282
144.4164655802811
148.6308825768582
150.2729861952483
146.29811203899914
187.12751217014068
154.80854430807912
147.87520542777406
147.71565425063474
153.597526031531
146.794845858788
150.3624433700346
147.36947145320093
148.84233698753076
145.79793149364082
145.79663756885572
145.8236555900676
147.621141557601
145.1869793758184
145.73049495461743
145.24479898253347
145.18130655095425
148.73195695122584
148.87688756614148
170.8065207561364
148.42885821192093
149.8089458301118
162.0704821420043
149.80780998633224
150.55707011149826
154.39613174954317
150.12384728163232
151.6985382096381
149.12090412864706
148.49356323952557
148.64042001988733
148.55083276625774
149.09543407671262
147.66631730661717
147.67398220669384
149.21922930050974
147.70559755710795
147.0473713863627
165.3139458057228
147.68142178169228
149.40145503152013
149.68173930354786
148.64069373860687
146.64358891848335
146.4189229725765
154.52777803914603
148.82133551686726
148.78990682366356
148.78756330595263
149.7272794594752
148.24938480956166
148.12721823034147
148.11513809210302
168.58340294630548
147.73003648070065
147.46890088698845
147.53314090436817
152.0101070240936
153.12769451067786
149.70972742253252
149.70972543969208
149.04836379683303
148.99574159495108
150.56421655342393
149.02686005722097
148.66503710182624
148.46069195541955
148.4398936985404
148.43478101924043
169.60653732849858
149.4303964859607
176.89420899580463
149.9404826140255
149.60910973593803
149.67725705007882
149.60335129032097
149.6070504083657
150.18737160874582
150.99439762623038
150.18942456755727
151.6013145617715
150.13614940600928
160.92391152207625
152.5619015138419
151.08719590943633
149.4147473452659
151.9853394197503
159.97832026157974
151.41838428769492
150.24748560081952
149.56401829604403
154.6771471934969
149.56771714530169
170.15710671744608
149.07138306338
149.0711589475516
149.07125005212225
159.66844462861675
148.6039352846007
177.69783291746546
148.60394212500256
162.77332809698336
162.97992065747476
148.17507749725766
149.84447060828793
150.9399825907111
185.14538173089528
156.8796541456209
150.4053902423754
150.66848120208888
150.69502454645362
158.10954937028578
150.7327666939812
150.22376861600654
150.37501708101095
150.25241420784457
150.21991243778206
151.347204581027
169.00426702150543
151.05791385225066
151.92624296979287
152.3935464710244
168.17290022908
151.70095794649083
159.30650322080598
150.73929159963737
150.73153063412573
150.75728577978276
150.73153911194973
184.27157883033234
151.90797247981135
172.41693687093561
177.4753149063726
164.03660672685632
152.1349921713249
173.8806605966755
152.18173680346962
152.03583156213668
152.7599683670689
189.44629946709378
153.73497082103765
153.06051574974686
153.18644535238306
153.34772167384847
153.05498390565305
153.66189043816007
153.6590400141575
153.68254107450758
153.73043678726268
185.93523015259106
153.21302638793117
153.3512192646638
154.60814442627694
152.7575079107678
168.13253663562725
152.77182984940646
164.5018516689481
157.04786806650586
161.12077563596745
158.86769846401748
153.2020653643472
153.08294122137258
152.80690046793742
153.87880934548656
152.79744719064513
153.51127174328067
166.73555835330566
153.63382555666075
158.02289893131618
154.19508492156828
154.0929384476141
181.97507193315215
164.55499020050976
153.6326685848468
189.08903572939758
155.16340089661583
154.12949295552355
154.51947254596814
153.2254579904847
153.20875896855733
153.20905258613928
159.29371638026447
152.74817246822468
155.7150856048965
152.74728533554597
152.97489213701056
152.97643758982963
152.98305983025924
152.97420738464132
154.31452494434143
188.91310884322021
154.28034669846676
153.56662885204446
167.329028251572
154.71637468733115
154.2910607490976
154.4225309489592
153.9011974269934
153.95600612988258
154.8126550415937
153.85198893715412
154.45378053501443
179.52390536985038
153.60726820056578
165.285606781212
153.2855778722833
186.05838096152425
154.53819650326795
153.14825891766773
153.79444446050573
153.80106922982628
153.8637582775465
153.7936304129228
154.4405255100481
153.8726677994829
166.58769763474237
165.0469506719601
152.97221389241452
153.3205437836738
153.14318144638642
153.0369393760995
152.53003706791736
152.76990970121324
156.47674739727316
152.64275134617446
154.6529694895945
169.3427754209858
152.20344643711314
152.14277503671732
151.79885698996546
151.73922238969627
165.91894470060032
151.73941132205786
166.81637637540285
151.36960132713918
151.36965643303097
155.11683836979094
152.08705453408584
162.10519115661629
150.99712985228868
171.9234508910727
151.99910819502279
152.117692232887
159.58433932997548
184.61061691865683
151.97084405499197
152.6260364675968
151.97053001342223
176.21954039679258
151.7409210928541
151.7033137026907
151.69073488235566
153.18440769365964
175.47416557240496
166.24875390841265
152.46350176380753
152.2185562074685
151.94508262860546
151.95505122235906
179.10508591612486
151.93189708298866
163.08438552946802
183.585691030651
163.24498582746253
151.70312618793972
152.300935131066
151.4051540472215
151.41971426884464
151.64846494133658
152.6525931131594
151.1365668315616
159.151647285566
151.4616574544751
166.9698252523209
156.30677610523406
152.9286646771836
175.88005489556286
172.51246558290808
151.52627771628462
152.00836703186695
156.3520530600421
158.98685084040886
151.1556682259914
160.84558229104252
151.1553806148604
160.93761102887626
151.3309404354003
155.3910018946471
164.80019211912767
152.4732016292411
151.08923364811656
151.08940184386947
152.54669388839025
168.6819453920359
153.35663365968276
151.55287559627288
177.16131826564404
151.42863073582242
151.4169524416715
151.77686666698915
151.40978278369428
151.75577621348543
153.31082375627088
183.2963912707317
151.74585784688935
152.11002474857605
153.71259938185057
151.5461511791745
148.43339802169993
172.87665247977333
142.76061149067277
0.0
0.0
142.25003121580892
142.25003121580892
142.25003121580892
142.25003121580892
175.40498788460565
175.40498788460565
175.40498788460565
175.40498788460565
173.11949402263386
173.11949402263386
173.11949402263386
173.11949402263386
176.60106619434674
176.60106619421555
176.6010662025967
176.60106619421555
187.86905753222308
187.86854110335605
187.86904974094122
187.86905753228
176.50349690120845
176.50349693198356
176.50349690120845
176.50369953279784
177.76661795406386
0.0
126.38345936522659
115.9714060807631
117.91163858324973
0.0
0.0
154.31734533375786
154.31734533375786
154.31734533375786
154.31734533375786
142.17018220900752
142.17018220900752
142.17018220900752
142.17018220900752
171.14029522425008
171.14029522425008
171.14029522425008
171.14029522425008
159.2624151320974
159.2624151320974
159.2624151320974
159.2624151320974
174.00591156247987
174.00591156247987
174.00591156247987
174.00591156247987
165.6068124605921
165.6068124605921
165.6068124605921
165.6068124605921
166.55135171942237
166.55135171942237
166.55135171942308
166.55135171942237
161.1793808010511
161.1793808010511
161.1793808010511
161.1793808010511
157.0008437517267
157.0008437517267
157.0008437517267
157.0008437517267
159.51176112416925
159.51176112416925
159.51176112416925
139.05642883468468
123.71733660089707
111.86426483054787
0.0
0.0
150.65932516794393
150.65932516794393
150.65932516794393
150.65932516794393
136.35084187909038
136.35084187909038
136.35084187909038
136.35084187909038
131.58105513884985
131.58105513884985
131.58105513884985
131.58105513884985
154.65158563779906
154.65158563779906
154.65158563779906
154.65158563779906
147.94549764078684
147.94549764078684
147.94549764078684
147.94549764078684
147.60806129245123
147.60806129245123
147.60806129245123
147.60806129245123
143.8195194137947
143.8195194137947
143.8195194137947
143.8195194137947
140.97807481116553
140.97807481116553
140.97807481116553
140.97807481116553
143.62405568431058
143.62405568431058
143.62405568431058
143.62405568431058
141.66493626375805
141.66493626375805
141.66493626375805
141.66493626375805
140.37063973080743
140.37063973080743
140.37063973080743
140.37063973080743
139.65027457375996
139.65027457375996
139.65027457375996
139.65027457375996
146.32372594857605
146.32372594857605
146.32372594857605
146.32372594857605
145.7592901182806
145.7592901182806
145.7592901182806
145.7592901182806
145.41647943487152
145.41647943487152
145.41647943487152
145.41647943487152
144.2144967570118
144.2144967570118
144.2144967570118
144.2144967570118
148.04332264520818
148.04332264520818
148.04332264520818
148.04332264520818
146.4689112203445
146.4689112203445
146.4689112203445
146.4689112203445
148.08135953410292
148.08135953410292
148.08288448738008
148.22849256549716
146.66103894200324
146.66103894200324
146.6610389420033
146.66103894200324
145.57606696206383
145.57606696206383
145.57606696206383
145.57606696206383
148.54287285512802
148.5428728551282
148.5428728551286
148.54287285512802
150.0468606026056
150.0468606026056
150.04686060268676
150.0468606026056
151.4845143458201
151.48451434582378
151.48451490413524
151.4845143458201
153.73051274407473
153.73051274407473
154.59427751336486
153.73051274407473
156.20412850548558
156.20412850548558
156.20412850548576
156.20412850548558
158.18730569652075
158.18730569654235
158.18730569668512
158.4944719079105
157.03063758572708
157.03063758572708
171.02136436034533
157.26664351485462
155.9010280551548
155.9010280551548
155.9010281254821
155.9010319165693
157.0507470551674
157.0507470551674
157.05074705524956
157.12792066574417
155.86055644220406
155.86055644220406
160.1386913150443
158.43730236756082
155.1045325486173
155.10453254862773
155.10960721357733
155.10516081933554
154.90593915716053
154.90593915716053
169.38836828376955
154.90593915716053
153.8772881374141
153.8772881374141
153.925078256327
153.87728849983583
152.90709823673737
152.90709823673737
152.9070982367513
152.907098264905
154.0263134945827
154.0263134945827
154.02631349489607
154.0263134945827
153.90230504464077
153.90230509384526
153.9581244212723
154.49759830323424
156.01797518059928
156.01797518055454
156.01797518041946
156.01814576608268
157.22760472146467
157.0170716373093
157.0161566324001
159.39211571061773
156.2964145462162
156.29644318120876
156.2968199523397
156.35139691321478
156.86392998500298
156.8735057928669
157.23199098000885
156.86349644223904
156.18145374893206
156.18145777815033
156.35459272894326
157.46476046938517
155.53044509166696
155.5304657645323
155.53108208311937
173.22206534734187
154.90848449430248
154.91051649110688
176.15155444115055
155.71210359990047
156.51335431205263
156.5133649677763
156.51480092702468
167.7434502468463
155.85421082867907
155.85421083041814
173.05121965626478
175.81839285556546
155.60337544785057
155.60337544785057
157.0960365099361
155.60599456452056
154.96737614267957
154.96737614267957
154.96737620523893
155.0746923254877
155.12445419386418
155.1244544257991
155.12477739595715
155.30806142988632
154.51541215312383
154.51541215312383
154.51546233389928
158.56220914645
153.93021549362308
153.93021549362308
153.93036195899145
155.18237969156698
153.2895438821299
153.2895438821299
160.54593173529494
153.28954426459728
153.42810058091837
153.42810058091837
156.6819637699192
153.75537448930686
152.8647776197139
152.8647776197139
152.86477762348426
152.86477789356778
153.52604578270012
153.52604578270012
153.5260458025563
173.8472578038057
154.93411454737375
154.93411454737392
155.31116328226153
154.99431683082994
154.92786206356217
154.92786206356217
172.3521178252909
167.15705774827748
154.37709785562433
154.37709785562433
154.48225577309717
154.38024367320335
154.79160326293334
154.79160326293334
168.74593059708948
154.95059229456373
154.26149653238411
154.26149653238411
154.26149660923653
154.3056774147128
154.53439747113038
154.53439747113038
164.03923745982425
157.95310836514233
155.36387552180548
155.36387552180548
165.29636733206922
155.36474810934806
154.84995676977516
154.84995676977516
156.14592487717766
154.85193368377602
154.35201976854304
154.35201976854304
154.92361337029834
154.48815148880377
154.3060694876999
154.3060694876999
154.3847128612059
161.47625392862457
153.88543798879593
153.88543804438515
154.22064460671743
153.88543830021803
153.44405583430407
153.44405583430407
153.93310788881334
153.44530208892894
153.01561509895708
153.01561509895708
153.01605764908817
153.01561529416563
153.154464607911
153.15446460791256
153.15507733172578
154.48486194967182
152.74232682414458
152.74232682414458
156.01490096265113
161.72349823996353
152.34176203000155
152.34176203000155
152.3421680206143
153.5602742381363
153.42809458122622
153.51736708436613
153.54401491000962
153.83379487440283
153.00756054900754
153.00756054900754
177.5201870810456
153.6802581765413
153.31699249652644
153.3174280519176
160.3972361907754
153.3170380020625
152.90179690797547
152.90179690797547
166.83466915438905
153.3513914710856
153.81878444694712
153.81878444694712
153.81878527570228
156.57983067920807
153.91117901867727
153.91117901867727
157.04661398561956
153.91117901950633
153.48368650489635
153.48368650489635
154.51937862023468
153.48368652576414
153.64452823975475
153.64452823975475
153.6445331248861
153.645445297725
153.72286018211432
153.72286018211432
153.77139044724686
153.84788423675033
153.32321491211914
153.32321491211914
159.9835753278829
153.53081257640181
152.93329962381443
152.93329962381443
171.59050233413436
155.22956510248605
152.88535820296394
152.88535820296394
152.88702772279618
154.6571776024916
152.56670457773043
152.5667045777491
152.96681873766704
152.56671142109886
153.0503266015508
153.0503266138274
170.9438311704765
153.06364252539683
152.73694116666752
152.73694116746339
152.77807666438676
152.7369468251228
152.46262023774466
152.46262024108088
152.4626202386037
152.4626309411459
152.90391857244137
152.90391857244137
153.59756484362123
156.2907049916177
152.52491040674337
152.52491040674337
152.6073530993152
152.525375470907
152.187214108881
152.187214108881
152.18721524892086
162.6855174874415
151.91708633720788
151.91710486831536
152.79708713398347
151.92338186967345
151.65260636263062
151.65262224994453
151.65298768853054
151.6526211837346
151.3378645787159
151.3378645787159
153.2495450553408
151.33786478159843
151.02978422167618
151.02978422167618
151.02981789244802
152.99054285949717
151.38196505154096
151.3820237977274
153.41318272842372
174.7420072692068
151.3358123390643
151.3358123390643
151.33784754750317
156.2371319136628
151.89239516299995
151.89239516299995
151.8923957254509
153.46731491108775
151.58990903901528
151.58990903901528
166.07364311978705
159.6960753544536
151.2934883668357
151.2934883668357
151.2934883736213
153.14877974856364
151.01588414473375
151.01588414473375
151.01588414473375
147.97763301658364
145.05669332227768
142.26603899216929
0.0
0.0
127.84330907403067
127.84330907403067
127.84330907403067
127.84330907403067
146.28136739119944
146.28136739119944
146.28136739119944
146.28136739119944
139.9372429955772
139.9372429955772
139.9372429955772
139.9372429955772
152.1633833341741
152.16346931706053
152.1633833341741
152.16434365506845
151.10022060046225
151.10022060046225
151.10022060046225
151.10022060051958
148.75690025222093
148.75690025222093
148.7569002522214
148.756900252221
144.76753613522123
144.76753613522123
144.76753628244248
145.87928068870386
141.7122786492548
141.7122786492548
141.73397273958443
141.71227864925606
139.3360578441206
139.3360578441206
139.33606013099237
139.33605784412165
137.43508120265628
137.43508120265628
137.43508120265628
119.30159907596489
106.24196268889295
95.54599342118902
0.0
0.0
130.04252907348933
130.04252907348933
130.04252907348933
130.04252907348933
125.49165966729743
125.49165966729743
125.49165966729743
125.49165966729743
140.32136071119098
140.32136071119098
140.32136071120075
140.32136071119098
135.47647692832786
135.47647692832786
135.47647692832786
135.47647692832786
149.64128002528088
149.64128002528088
149.64128002528088
149.64128002528088
144.85840204642835
144.85840204642835
144.85840204642835
144.85840204642835
141.4415645947443
141.4415645947443
141.4415645947443
141.4415645947443
144.16692623506083
144.16692623506083
144.16692623506083
144.16692623506083
141.8373947883639
141.8373947883639
141.8373947883639
141.8373947883639
140.9021904107155
140.90219041071978
140.9021904107155
136.34019000595845
128.98806136396772
126.02160688700951
0.0
0.0
151.644596907879
151.644596907879
151.644596907879
151.644596907879
174.3443392471125
174.3443392471125
174.3443392471125
174.3443392471125
181.32590222790637
181.32590222790637
181.32590222790637
181.32590222790637
171.81477924352473
171.81477924352473
171.81477924352473
171.81477924352473
162.38660449982723
162.38660449982723
162.38660449982723
162.38660449982723
155.72360926213878
155.72360926213878
155.72360926213878
155.72360926213878
153.08060685233616
153.08060685233616
153.08060685233616
153.08060685233616
159.96442181310417
159.96442181310417
159.96442181310417
159.96442181310417
161.2274813599221
161.2274813599221
161.2274813599221
161.22748135992214
160.336964158978
160.336964158978
160.336964158978
160.336964158978
160.336964158978
160.336964158978
0.0
0.0
130.02528786337857
130.02528786337857
130.02528786337857
102.2322488530081
87.03051654592234
83.81496950027557
0.0
0.0
0.0
150.04029887033118
150.04029887033118
150.04029887033118
150.04029887033118
135.52027281300937
135.52027281300937
135.52027281300937
135.52027281300937
130.6801291649006
130.6801291649006
130.6801291649006
130.6801291649006
130.3136601604805
130.3136601604805
130.3136601604805
130.3136601604805
141.55549099209503
141.55549099209435
141.55549104757867
141.55549099209588
139.49423204227045
139.4996746623224
139.49423529541218
139.4949100410299
138.02133569906826
138.02133569906826
138.02133569906832
138.02133569906826
136.91666343953955
136.91666343953955
136.91666352226457
136.91666345727543
139.91054112364122
139.9141835430067
139.9105351762983
139.91119909828546
143.06403498501453
143.0640349851574
0.0
0.0
225.4030646621558
225.4030646621558
0.0
0.0
223.44005075480453
223.44005075480453
223.44005075480453
223.44005075480453
176.7373791762513
176.7373791762513
176.7373791762513
176.7373791762513
173.5654342550831
173.5654342550831
173.5654342550831
173.5654342550831
160.83921928175616
160.83921928175616
160.83921928175616
160.83921928175616
154.39067975869867
154.39067975869867
154.39067975869867
154.39067975869867
150.09124065952136
150.09124065952136
150.09124065952136
150.09124065952136
150.26959184130465
150.26959184130465
150.26959184130465
150.26959184130465
147.0036807841715
147.0036807841715
147.0036807841715
147.0036807841715
156.19633419493726
156.19633419493726
156.19633419493726
156.19633419493726
153.4778627374711
153.4778627374711
0.0
0.0
123.32912983483101
123.32912983483101
123.32912983483101
122.76519043639695
113.93336334584941
119.8441191421723
121.3633632324913
121.3633632324913
123.73102899636112
123.73102899636112
0.0
0.0
130.04490316944185
130.04490316944185
130.04490316944185
130.04490316944185
140.51935844462167
140.51935844462167
140.51935844462167
140.51935844462167
159.23545541109036
159.23545541109036
163.01558386821205
162.737523975424
160.96533269775685
160.96533269775685
160.96533269775685
160.96533910702777
159.13979894507088
159.13979894507088
159.1399789205565
159.13979894507088
154.2843970096554
154.2843970096554
154.2843970096554
154.2843970096554
156.04069871558931
156.04069871560154
156.04069871558931
156.04069871558931
152.10975705180428
152.10975705180428
152.10975705180428
152.10975705180428
149.12832892078038
149.12832892078038
149.12832892078038
149.12832892078038
146.48385654976101
146.48385654976101
146.48385654976101
128.92468055713417
115.61177594693318
104.83633759661514
0.0
0.0
130.01872254517585
130.01872254517585
130.01872254517585
130.01872254517585
139.52940576030147
139.52940576030147
139.52940576030147
139.52940576030147
133.07200134239017
133.07200134239017
133.07200134239017
133.07200134239017
129.83628782346943
129.83628782346943
129.83628782346943
129.83628782346943
149.986373460768
149.986373460768
149.986373460768
149.986373460768
145.13594927710807
145.13594927710807
145.13594927710807
145.13594927710807
141.67076653509702
141.67076653509702
141.67076653509702
141.67076653509702
139.44947302907343
139.44947302907343
139.44947302907343
139.44947302907343
137.7214224282452
137.7214224282452
137.7214224282452
137.7214224282452
139.76569561956532
139.76569561956532
139.76569561956532
119.4260342455175
115.1992551846018
113.01782273868069
0.0
0.0
120.5739784492577
120.5739784492577
120.5739784492577
120.5739784492577
140.29455955553593
140.29455955553593
140.29455955553593
140.29455955553593
134.29677315746883
134.29677315746883
134.29677315746883
134.29677315746883
154.16962251919108
154.16962251919108
154.16962251919108
154.16962251919108
169.75794971821932
169.75794971821932
169.75794971821932
169.75794971821932
168.5778757809064
168.5778757809064
168.5778757809064
168.5778757809064
162.99661079510798
162.99661079510798
162.99661079510798
162.99661079510798
160.93212847506754
160.93212847506754
160.93212847506754
160.93212847506754
157.8275647829069
157.8275647829069
157.8275647829069
157.8275647829069
164.89407962008812
164.89407962008812
164.89407962008812
140.5320355127268
122.51398937376884
108.50194844954613
0.0
0.0
127.48896202196671
127.48896202196671
127.48896202196671
105.45447800368039
91.35288880118469
86.47614965655627
0.0
0.0
0.0
213.82731447338006
213.82731447338006
213.82731447338006
213.82731447338006
208.96134022666388
208.96134022666388
208.96134022666388
208.96134022666388
181.8024722191625
181.8024722191625
181.8024722191625
181.8024722191625
173.24195547119115
173.24195547119115
173.24195547119115
173.24195547119115
174.93928420411197
174.93928420411197
174.9392842041146
175.0256557967725
167.0735239446924
167.07352503610707
167.0735239446959
167.0735239446924
161.45437492233322
161.454374922353
161.45437492233336
161.45437492233322
161.5700406398321
161.57004063983229
161.57004081697906
161.57004064371907
157.8113654205622
157.8113654205622
157.8113658452475
157.81136606741146
154.80417695289296
154.8041859769035
154.80417695289296
154.80481163397184
152.41560349646798
152.41560349646798
152.61646385249793
152.4156450780999
149.8660676554334
149.8660676554334
150.3180801790558
149.8660676554334
148.11015315907886
148.11015315907886
148.11015315907886
148.11015315907886
152.16685980324488
152.1668598032449
152.1668645166842
152.1684888322792
150.91393806997374
150.91393806997382
150.91393806997374
150.91393806997374
150.22724215820338
150.22724215820338
150.22724215820338
150.22724215820338
154.15994130910107
154.15994130910107
154.15994130910107
154.15994130910107
152.50142262945886
152.50142262945886
152.5014226373511
152.50142262945886
151.0120778100698
151.0120778100698
151.0120778100735
151.0120778100698
154.97597277829956
154.97597485804113
154.9759821015384
154.9931959279177
153.56696732533658
153.56696732533658
153.56696829668135
153.56696732533658
152.28573887012058
152.28573887012058
152.28573887018865
152.28573887012058
151.19834196479246
151.19834196690627
151.19834196479246
151.19834196479246
150.20103955600925
150.20103955600925
150.2010395560267
150.20104047317616
149.2835214378762
149.28352150954706
149.2835214378762
149.2835214378762
148.43658163652697
148.43658163652697
148.43661250575317
148.43658163652714
148.19117913772737
148.19117913772737
148.39857234793226
148.1911791377298
147.31159653950905
147.31159653950905
147.31159653950905
147.3195233576477
146.70786530221486
146.7077979324815
146.70779793248207
146.7077979324815
147.97459922834986
147.97459922834986
147.98053474390545
147.97535144871895
150.73093862474232
150.73093862478441
150.73310870347024
150.75102743557494
150.00628961645094
150.00628961645123
150.00628961646152
150.00629102890596
151.38331083609563
151.38331083609563
151.3833110891064
151.38331090825585
150.8989096220233
150.8989096220233
150.8989096220233
150.8989096228831
152.98437208231556
152.98437542886893
152.98691290819633
152.98453351213124
153.59179909751467
153.5918003180112
153.59179909751467
153.59180842855972
155.64516751727547
155.64516751727547
155.64516751727547
155.6451677139751
154.73420461364586
154.73420461364586
154.73420461366294
154.73420461364586
154.05372219230367
154.05372219320708
154.09421298938022
154.74600471021589
153.9164490414539
153.916449041635
153.92837728000086
153.91644904213464
154.64342301051207
154.6434230137903
154.64342300767603
154.64342300780393
154.92196222995253
154.92196222995253
154.9219622302847
154.95309610530273
154.3785482971935
154.3785482971935
154.37854829999267
154.3785482971935
153.65327135731835
153.65327135731835
153.65327135731835
153.65327135731835
154.98815099374053
154.98815099374053
155.08635677499888
154.98815099374053
154.37070707335587
154.37070707335587
168.49151652464076
158.50372517239902
153.77898612772768
153.77898616155298
168.65397945138596
154.63522565538878
154.0356297551547
154.03563233154114
154.0356297551572
154.0356322681485
153.47488477765032
153.47488477765032
153.74524134996213
153.4749262965887
154.76979103618868
154.76979103619098
154.76979103618868
154.84257886306187
156.16728245592125
156.16728245594285
158.07513963062274
156.17317714252454
155.50649997970675
155.50649997970675
155.50649997974892
155.50649997970675
154.87046748867678
154.87046748867678
154.87091099632502
154.87046748875804
155.1109942595505
155.11099425960487
155.1109942595505
155.11099425969496
154.60221402216735
154.60221492778146
154.63093277833536
154.60231194819613
155.71698877782885
155.7180531733544
155.7169887778497
157.02728395600465
156.77473678235046
156.90789821185064
156.77473678212777
156.77473680884256
156.28755634548628
156.28755634548628
156.2875570170969
156.28755634548628
156.89859304844126
156.89859304844126
156.9203146188686
156.89859304844126
157.0574100728091
157.0574100728091
157.10727683030208
157.05741082792613
156.49038648548031
156.49038648548031
156.49040853892842
156.4967782575014
155.94125555410412
155.94125555410412
155.94144953355274
155.94125555612882
155.8028466900829
155.8028466900829
155.8028466900829
168.80827828345207
155.4011950442398
155.4011950442398
157.13482775413618
155.55619717304936
155.05562513388304
155.05562513388304
155.05562513388304
155.05562513926662
155.4619233886873
155.4619233886873
169.8879701813795
155.46192344775434
155.12886595526984
155.12889785146433
155.12887259934286
155.1295391417696
154.72204794164824
154.72205336340897
154.8492356239366
155.5626253494836
154.5017437126455
154.5017989781935
154.50183207602504
154.58748063826692
154.0478921311859
154.0478921311859
154.21806591284786
154.0483474432174
154.7592885973869
154.75928860385457
154.7592885975938
157.23996696133543
154.38375162557637
154.38375201203365
154.38375162565882
154.3837622433185
154.12728110708173
154.12751851204192
154.1272811082233
154.99793702302054
153.76606020224176
153.76607823234016
153.78663928910774
153.81184335765926
153.41409570975264
153.41409570985482
153.4521979498548
153.4187687647689
153.12014827672263
153.12014830391288
153.1201522088526
153.26640037777446
152.9199507152674
152.9199620189285
171.99522834954732
153.2099768155931
152.72174482161992
152.72174484874427
152.73797652788954
152.7217703229488
152.3094135966508
152.3094135966508
159.55848519695544
160.54197912741597
151.89505174957705
151.89505174957705
151.89505174977262
151.89505175583125
151.52791141923132
151.52791141923132
153.8646467272376
151.75241027045178
151.1341882405398
151.1341882405398
151.134366371894
151.13444422312483
151.51478341285815
151.51478341285815
162.18870786448417
151.51479780740988
151.92107868974423
151.92107868974423
153.04630382585597
151.92107872080666
151.65043587237136
151.65043587247243
151.6854196671105
151.67289945403243
151.95663938767504
151.95663971625314
152.04140721395444
152.0432646252663
152.49502098618822
152.49502098618822
152.51666290627318
152.49580023736806
152.15364329700148
152.15364329700148
152.15365749582816
152.15472900587662
151.81985964637573
151.81985964637573
151.81985968256902
151.89928102385215
151.8926877609425
151.8926877609425
151.93686687802284
151.89268818123918
151.76929549509444
151.76929864844766
158.17572096739616
151.76929563766782
152.9312714363254
152.61769855065566
152.77313321324286
152.61753347979737
153.57146176619267
153.4961860580849
154.9501443552634
153.49595996550372
153.5667547209908
153.5668627557657
155.23375357176684
161.0894642006361
153.943999944001
153.943999944001
154.57628362936643
153.95740454495245
153.82353052536595
153.82353052536595
169.23152550085763
156.29585586146703
153.86817888284193
153.86817888284193
155.4740770030258
154.1133836981712
153.5578376946789
153.5578376946789
153.5643228291334
153.55805177644737
153.25350077344046
153.25350077344046
153.2535265663383
153.2852654647644
152.95523743841503
152.95523743841503
152.95523743841503
149.8299083378102
146.84168788267257
143.96659848887194
142.54025252203144
139.73224661745647
138.42619077552342
138.11054607526958
137.76250079449176
137.4988208764713
136.8730076148437
136.5990414905994
136.2555159330518
135.99774726569737
135.35520372057857
135.12422271634637
134.82504898276957
134.69365967407822
134.2417961816885
134.0630199719012
135.32926285970464
133.70851948459756
133.3106004974697
133.14317935377872
132.88041546805078
132.72536314726332
132.25583736847787
132.11691322568538
131.8780651324218
131.8069258334335
131.40233250683053
131.31777178627237
131.11627021340826
131.0523073125547
130.74060743510898
130.7053990818667
130.52666271207664
130.4231864114114
130.10696967287606
130.06488531348228
138.9332702769674
121.01457225598517
108.42847208921344
98.61747745098981
145.16704632883176
131.97567611501267
121.37250184409565
113.13304421964499
109.55153874745929
110.17101915946968
108.89689814742707
110.46921753085063
110.12468540070059
111.28076501867918
116.93541971882124
117.90300789933994
117.227889927551
123.3730825687696
124.3234283028449
123.97106610250177
123.1421897577325
125.1693177509259
125.09189661213378
127.09551300801554
126.90871372577894
126.99064530178698
126.1705796026982
125.90475812688977
125.28342280200614
127.0779819782843
127.22683528053167
127.05201600594167
126.52569406039846
126.5461788900522
125.97111462634962
125.80372661194112
129.02184147624249
125.17872245143863
124.27427147785491
125.18089610241866
125.06377044962625
125.8165595345823
125.69576156631209
125.64409716685809
160.23732647629262
136.0256122920015
118.03062645926317
104.28456305347014
132.51694363476201
116.54997632584855
104.16000096434179
94.28265994500038
160.84341433806725
157.51005883050075
154.31413691899158
151.308909039464
149.81534607525987
146.77216341546273
145.22882164776837
145.0132689475618
145.25363132081162
144.70817360398948
144.3556368925172
143.78190737380098
147.67610195721784
124.64064605115585
106.94672899334508
93.19963487103207
162.41090846725606
156.86563603094893
149.8532785593907
146.16370865708907
158.4712941921046
152.27996061198508
152.066733807181
151.63690953886635
151.1713402357785
150.747262489531
149.93791028704177
149.55990443600137
149.61791502280394
148.6642749130807
147.8471889709908
147.4878101842952
147.1007435879652
146.6676706587336
145.91261666095014
145.6313813799778
145.29004242995123
144.97949089111597
144.28980292998781
143.93286487349022
143.63268874267015
143.2941018436399
142.76438441590682
142.45269182467135
142.1226236694955
141.81497966491045
141.16182626242255
140.97721781056586
144.7061032508188
140.4628449830281
139.8717233665143
139.62418245279102
139.34501528722933
139.20524226718246
138.78154139849195
138.65124125098401
138.43720928802793
138.2595939557841
137.8702746782187
137.7648083935819
128.37138712006634
129.19308375681692
129.499814031356
129.6121539057849
0.0
123.21192877221175
123.21192877221175
123.21192877221175
123.21192877221175
123.21192877221175
123.21192877221175
123.21192877221175
123.21192877221175
123.21192877221175
123.21192877221175
123.21192877221175
123.21192877221175
123.21192877221175
123.21192877221175
123.21192877221175
123.21192877221175
123.21192877221175
123.21192877221175
123.21192877221175
123.21192877221175
123.21192877221175
123.21192877221175
123.21192877221175
123.21192877221175
123.21192877221175
123.21192877221175
123.21192877221175
123.21192877221175
123.21192877221175
123.21192877221175
123.21192877221175
123.21192877221175
123.21192877221175
123.21192877221175
123.21192877221175
123.21192877221175
123.21192877221175
123.21192877221175
123.21192877221175
123.21192877221175
123.21192877221175
123.21192877221175
123.21192877221175
123.21192877221175
123.21192877221175
123.21192877221175
123.21192877221175
123.21192877221175
123.21192877221175
123.21192877221175
123.21192877221175
123.21192877221175
123.21192877221175
123.21192877221175
123.21192877221175
123.21192877221175
123.21192877221175
123.21192877221175
123.21192877221175
123.21192877221175
123.21192877221175
123.21192877221175
123.21192877221175
123.21192877221175
123.21192877221175
123.21192877221175
123.21192877221175
123.21192877221175
123.21192877221175
123.21192877221175
123.21192877221175
123.21192877221175
123.21192877221175
123.21192877221175
123.21192877221175
123.21192877221175
123.21192877221175
123.21192877221175
123.21192877221175
123.21192877221175
123.21192877221175
123.21192877221175
123.21192877221175
123.21192877221175
0.0
0.0
0.0
0.0
0.0
0.0
0.0
0.0
0.0
0.0
0.0
0.0
0.0
0.0
0.0
0.0
0.0
0.0
0.0
0.0
0.0
0.0
0.0
0.0
0.0
0.0
0.0
0.0
0.0
0.0
0.0
0.0
0.0
0.0
0.0
0.0
0.0
0.0
0.0
0.0
0.0
0.0
0.0
0.0
0.0
0.0
0.0
0.0
159.74219793460236
154.08750108508568
146.31816069744985
143.60033278516508
0.0
0.0
0.0
0.0
0.0
0.0
0.0
0.0
0.0
0.0
0.0
0.0
0.0
0.0
0.0
0.0
0.0
0.0
0.0
0.0
0.0
0.0
0.0
0.0
0.0
0.0
0.0
0.0
0.0
0.0
0.0
0.0
0.0
0.0
0.0
0.0
0.0
0.0
0.0
0.0
0.0
0.0
0.0
0.0
0.0
0.0
0.0
0.0
0.0
0.0
0.0
0.0
0.0
0.0
0.0
0.0
0.0
0.0
0.0
0.0
0.0
0.0
0.0
0.0
0.0
0.0
0.0
0.0
0.0
0.0
0.0
0.0
0.0
0.0
0.0
0.0
0.0
0.0
0.0
0.0
0.0
143.55793084868282
132.6856688548647
129.78706163599892
0.0
0.0
143.55793084868282
132.6856688548647
129.78706163599892
0.0
143.55793084868282
132.6856688548647
129.78706163599892
0.0
122.83502443756811
112.53660475732913
115.89608964294068
