0.0
190.26749079849967
193.33748701644143
193.18605040361018
188.1656770660507
147.036663368372
171.41262854136863
160.80246164292942
186.9041278607292
179.75832127997455
185.89583673426398
183.03019364776532
183.87608311167963
190.33747086488503
177.7854506155506
182.47092635479763
171.07257064656997
191.56834206820034
174.5748318340638
179.65653997681514
170.18146472561142
184.93842646843584
174.68079377222188
184.35207359137388
169.7698959165317
187.1794577621851
171.2655306583942
185.69116723622994
170.8644128124664
191.88119286738137
171.6775649552211
185.33182450555557
172.95118897571405
191.1675625700123
170.00487615892894
179.88311424024997
170.06835015835085
190.5146199417293
171.59188307529573
186.6829880478769
169.7785137300891
182.13110710050069
172.2060800939705
183.46812529079466
171.51335025958133
186.2608257826447
171.19180370379922
178.37940768392411
186.27929541999674
188.33952004181577
185.1784026320978
191.4167600007043
178.22244531638952
188.5010614388508
175.70808829924601
187.307674202809
173.87426059915825
188.28027879715006
177.22166298202575
184.24171161275575
172.6010857739014
188.89152145682067
172.34877138529194
184.70950506333455
173.1792494742142
188.3109441118072
172.65704194657204
182.94058390673
172.99940045406387
191.1554227572259
174.33260617223894
185.03249820133735
166.99121417675818
186.7738329624262
177.2834212932654
187.80759795828703
174.0982833442974
192.72404890066156
174.56276077188738
187.63800348792552
167.9885419964647
192.92620529731815
177.37446408551608
181.58716539754792
172.98769640624099
194.54734289574208
172.6509163992198
188.87641456152193
191.18740164881245
184.8645742148002
160.46185000952627
156.7350291146418
151.30904240346067
146.46569144898996
134.91748013196386
129.40345777269434
163.5755125077912
132.50675001953763
139.83476867691493
140.91570644032234
169.20771211255303
125.3409401963842
124.47721781408056
150.274211614386
110.02913347703984
166.88999322768296
125.58890156423101
115.53354182185646
178.38036115585894
169.6791056430966
137.06078486782013
138.1804787438231
178.89280202280315
177.3056826317387
138.7558998903681
120.38237308321699
179.40588953177019
174.37968387053303
127.63565101330953
125.30519959584704
176.96290906521787
180.12128867251397
126.63703474026784
135.56832885984733
173.90820489683955
183.43177018991358
119.41666381129916
139.16187080809328
194.00934743624347
178.49773388879555
181.86578382991414
188.54426543299573
180.72657114210506
192.10986842105387
178.79328485401498
186.22497923952704
175.42752915920124
184.91291673320893
171.63865389516332
182.17848330949985
175.70338100152136
192.97570772574178
176.27599951837294
177.88512598357414
175.66003046590544
188.40935385039379
173.48181765431153
185.06022540896794
171.01787317198057
190.75332218700711
175.71683797456765
183.44347661696756
172.549260790289
187.3288750992701
170.1089975585541
181.72922763594855
173.27739334278
186.9504887138444
171.6921099094542
183.65559565063467
168.5695721228662
193.34232309299347
173.13988676343467
178.4380662081053
170.9480458349538
193.62305465033964
176.70168815545946
177.65947617997668
173.53808651318798
167.39738687643305
145.97473363034658
125.10543953263375
181.3227108165018
196.15180442366983
142.12552567454253
161.64789386631804
190.25041020740366
186.31257316634728
164.43555040659953
137.18519001017899
188.27316125431872
177.67798551876484
163.87198624907097
134.50362393914665
186.82643058943768
179.00054839137525
155.19891821044757
123.28942632582373
177.53633840841107
181.0287311699891
125.3864934594709
133.80625984132064
178.43298743816547
183.2554153280315
139.3724261846557
129.73216901812765
178.44290443222346
187.90929597884843
140.41045011320728
131.80811028323586
177.62323326039785
188.52627714907362
144.11698849138574
144.95590038275108
181.63345111984398
185.1882027160575
140.8848259851233
138.25159225940843
