0.0
199.24011662893898
199.79693610917326
194.89619561064038
176.83072216569377
189.24493761699244
159.7892436013624
174.71050302072473
147.06237600048826
184.44798822969634
150.28545998398857
168.16860762958697
143.04431654001831
184.40727232438573
148.81894981098228
167.92792833547145
144.70295359453658
184.36215648494624
149.23334615035986
168.84541869351497
145.18969436036184
183.01246940752952
150.34247328530924
169.1050617630979
143.3646824770109
183.97500145638202
149.347246240354
169.100029553223
144.07757829639536
181.98588527190537
149.8524459125511
168.0078712004913
145.2499087552648
183.83133581151523
148.57538187671136
168.89654583515153
143.66593764154615
183.69368572382177
149.2105345748959
167.86167573486352
