0.0
0.0
136.68045895780895
136.68045895780895
136.68045895780895
136.68045895780895
131.98572719937496
131.94918858495677
131.94918859470854
131.949188642652
152.2133232439951
152.21332320813474
152.2133211993212
152.2133230073539
146.63114338094536
146.37851563125156
146.6367156808602
146.58560887648673
141.36594618744533
141.365856526263
141.365945677974
141.3659461552581
137.851893715639
137.85151743540126
137.85188964523837
137.85189374899286
135.69971096646438
138.9623284015066
138.96232809855914
138.96185232820264
142.4374262935236
142.4409326297875
142.4405856368684
139.74285765779302
151.9456639422874
151.83571768554805
151.94546336540589
151.94566373449345
154.91490375967552
155.23834542104638
155.23834541754084
155.238300493433
152.0766260526429
152.07684146589776
152.04865965585344
152.0759215809029
149.42009203683554
131.99610566455874
149.44128811185487
149.4412881118399
137.02020766690623
148.14738277113113
148.14732557517445
148.14422809529813
146.43855734346346
146.43843004444247
146.43855792720748
146.43791739673028
146.14772021526804
146.14785945677937
145.81702778179306
146.0755816503009
144.5581872568292
148.23357370516263
148.61454676090895
148.61599718192667
147.79228677142598
147.79297213015388
147.5587498496574
143.86350907388055
148.9139196127467
149.1681240511179
149.16754611379233
134.91895386401023
147.6563328321219
146.24426759947903
147.6568556207073
147.6568620637596
146.5287211003828
146.52860462628988
136.89622255136175
146.52603974906148
145.42224981729362
145.42227768261114
144.83854773905153
145.4208753502632
144.40183621249352
143.69419887900273
140.88747090170324
144.41646556683114
146.2977374293824
146.29809305889003
146.2981043817474
146.2980508688759
147.70485975687797
141.9155877221811
147.58235042507891
145.23141510938373
146.57236113470267
146.79248872390352
146.79037982298715
145.6756161162756
145.76769016237316
145.7582479427901
145.73496463677455
128.6760937977049
145.17861070826413
145.17333850570748
145.13915423064623
144.9497058747802
139.63591883996466
148.2163425273364
141.9898336517765
138.0424465929153
149.80547348569434
144.94090445030562
149.80628286646788
149.7105194573613
146.50728082792344
149.12076194061413
147.4994468027232
149.11943989989203
148.47149089794397
144.65248928087362
144.60689700239993
148.40156980001444
147.66273443113442
147.6624466030232
147.12379343510565
145.60317063722113
146.9244123489005
145.2071731700668
146.071635533904
146.9463800452802
141.089549449186
145.82641018733585
145.86586988415146
146.3289071707964
148.44079956905134
148.7355496239802
148.78742489021488
148.2417312721859
130.81240891048498
148.08240121853768
148.05729015317405
148.08628340166263
147.45527250390236
145.70007909429583
147.46585327373086
147.43539033191902
149.69911529080647
149.37224483770206
149.701791205478
149.69772011591994
146.77100074801808
148.97402527329353
148.98061136604417
148.9382564116072
143.5567029753085
148.3746720529006
131.90842815860805
144.05439808979216
146.5122830931273
149.42688237124867
139.88487434463622
148.2386904078701
149.36730887453814
149.53300880999763
149.5750100373163
149.60056159973396
135.7017268277669
150.16014133738935
150.15968310414442
150.16789102568475
150.0378415722732
145.50210258903655
150.08554597060888
149.97130438295287
149.400259632564
149.40552847219007
149.40604666414015
149.22971329069662
149.53080829885022
145.4709988003509
149.46739828955307
149.55848300966497
148.972271314503
149.07054813553634
149.06690531247546
149.07042762980893
148.57586334605602
148.5986668314616
148.5768561902679
148.6004615641167
148.13359883383012
148.05272739774236
148.13133478070074
148.17098326151273
149.92372262592238
149.8734995369986
146.12421684763055
149.87467554518642
150.65358814449576
150.46874414889885
150.44874666108578
150.47261923728558
150.2196091718642
150.09837236888978
150.17674020455638
150.21905824024873
150.86152479510463
151.0412182492962
151.05627650069607
151.03401395740698
150.97926433441413
151.22590352062986
151.21433892483182
151.17716314515212
150.72644987471233
150.73071106198475
150.64502965361848
150.7305412093969
140.86737533154275
145.2738264546796
151.8627307314446
151.77340334827525
151.98016933952337
152.13418948264078
152.11412279646714
152.11641167726796
152.02910913669646
152.00759856695188
144.7042551021906
150.4726940014874
130.96514489920364
149.9166746322729
151.2058296550304
153.05131542239445
153.64807435969868
153.04058468653383
153.65898923934267
153.44558254563336
153.15734676866225
153.20090688895255
153.15858160017532
153.1952131831102
152.75641817626266
152.75676822224008
152.68872841701497
152.59991751796233
153.1773300575422
151.0985407811412
153.17829957230546
153.17529767944663
152.06121005619798
152.73894080543906
152.79591023578027
152.79410764846148
153.50619545440156
153.50664650248663
153.5007439021357
153.50965700273446
143.75522322929615
153.68554597081945
143.51572863654133
153.7454451907293
153.56494975653075
145.38233008198046
153.34157280918163
152.76295940457152
153.20783151170622
146.46166840303482
144.86154607932968
153.20628927706565
152.74097084602545
152.7456600393139
152.3533360755854
152.74645750142645
152.754685441383
152.84934061216148
152.92152125699718
152.97056018181135
153.1069855785879
136.34413403825735
153.52804751594647
153.49215783521822
154.28910792226745
154.2522206462118
153.59550396255418
152.97671508411068
151.34605727963825
149.95372025105513
152.6259060873836
153.84964964585834
153.58853961118504
152.23971605463765
153.55406145315038
153.58439544982332
153.00841096169023
144.48507642880696
153.14775740952928
153.14696585530857
143.67534719143555
132.47277237464073
153.70017662521477
153.03125965076168
153.3405711587022
153.02201012461353
153.36005683463878
147.13120229151426
149.56760541961782
144.1049226831872
152.00824668957117
152.92880368819823
152.527180380397
152.4724535585497
152.520836217597
145.97862743887822
152.12892357905898
152.12579106522531
151.93384728468706
152.10132897023655
151.72297686351723
144.0672892273993
148.84531977193492
151.73373295966357
151.24156353138588
151.36858589375348
150.3989109405571
151.36851802000095
134.6847720542808
150.97976608033355
150.94449387823707
150.97781574471284
151.8386310207323
151.64782184371458
147.62028841360384
151.81690018284567
146.6679259538415
148.56723840484264
151.96910058987362
151.87455856296324
149.56319212986284
151.65307218778747
151.6708704694129
151.66838490176949
137.50561941927836
144.93820813002887
145.82078648134546
149.51307305249398
151.90470409695698
151.84285159946577
151.93143765114388
149.155400787352
139.7364818451616
143.14694221101354
139.1370909765846
147.4952763036595
151.28235074754028
150.13220612538586
150.84855280999545
145.3678255586511
150.99381517978867
151.13533445074845
142.86896019766957
147.41678445996263
151.7221456692841
151.37435109553965
151.47404140972108
134.70465561504403
151.46092843646852
149.08973148997038
151.44574132226023
151.41423375456884
151.07863258332358
151.15156509610486
150.56457154816727
150.95608869064182
151.2642452158744
150.97698301582074
151.018917435557
144.90783458042307
151.05588397095838
150.4989458291331
151.04706471327813
151.06927033358994
151.10780800636266
125.94375709974864
151.17884200845677
142.21323357046742
142.7440427966761
151.3702897134925
150.3475694899668
150.35642088967336
151.44825581375608
151.44682763101366
134.21327999542567
150.03757421586576
150.72195149054755
149.77662586365042
151.35900946829952
148.4239847633731
139.99780000968912
142.57778249914332
0.0
0.0
142.25003121580892
142.25003121580892
142.25003121580892
142.25003121580892
175.40498788460565
175.40498786027564
175.40498788460556
175.40498788460565
173.11949402263386
173.11949402263284
173.11200071516518
173.11949402263386
176.60106619421555
176.60044380362362
176.60106619421555
176.60106619421555
187.86905753227322
187.86905753230408
187.86905753230408
187.86905753230408
176.4626205485023
176.50349690120117
176.4751645756638
176.50349690120845
177.7666164899515
0.0
126.38345936522659
115.97140608076312
117.91163858324973
0.0
0.0
154.31734533375786
154.31734533375786
154.31734533375786
154.31734533375786
142.17018220064952
133.47341583750435
142.17018220899388
142.17018188340595
171.14029522425008
171.14029349375457
171.14029522425008
171.13527878350482
159.2624151320974
159.2624151320974
159.2624151299736
156.3276975415845
174.00591156247987
174.00591156246546
174.00591156247987
174.00591156247987
165.6068124605921
165.6068124605921
165.6068124605921
165.6068124605921
166.55135171942237
166.55135171942237
166.55114305001078
166.55135171942237
161.1793808010511
161.1793808010511
161.17938080008685
161.1793808010511
157.0008437517267
157.0008437517267
157.0008437517267
157.0008437517267
159.51176112416925
159.51176112416925
159.51176112416925
139.05642883468445
123.71733660089693
111.86426473866736
0.0
0.0
150.65932516794393
150.65932516794393
150.65932516794393
150.65932516794393
136.35084187909038
136.35084187909038
136.35084187909038
136.35084187909007
131.58105513884985
131.58105513884985
131.5810551319849
131.58105513884985
154.65158563779906
154.65158563779906
154.65158563779906
154.6513693481707
147.94549764078684
147.94549764078684
147.94549764078596
147.94549764078684
147.60806129245123
147.60806129245123
147.60806115402602
147.60806129245123
143.8195194137947
143.8195194137947
143.81941096576196
143.8195194137947
140.97807481116553
140.97807481116553
140.97807481116553
140.97807481116553
143.62405568431058
143.62405568431058
143.27982486890903
143.62405568431058
141.66493626375805
141.66493626375805
141.66493626368333
141.6649362637451
140.37063973080743
140.3706397308059
140.3705503913246
140.37063973080743
139.65027457375996
139.6502745737598
139.5283775949944
139.09346065486147
146.32372594857605
146.32372594068747
145.82140539039494
146.32304064969185
145.7592901182806
145.7592901182798
145.75929007842672
145.75928878088465
145.41647943487152
145.41647943459355
144.69387043816454
145.19442913296467
144.2144967570118
144.21449675611348
144.14119995961283
141.8290874829983
148.04332264520818
148.04332264520818
148.04325326065262
147.10316539931415
146.4689112203445
146.4689112203445
142.96440861974273
146.4689087051418
148.08135953410292
148.08135953410292
142.57180795544713
148.07964830973043
146.66103894200324
146.66103894200324
146.66102577224206
146.66103893509705
145.57606696206383
145.57606696206383
131.5354359604287
145.57604167652903
148.54287285512802
148.54287285512794
148.5428693947792
148.43859752134856
150.0468606026056
150.0468606026056
150.0468604832734
150.04686060012241
151.4845143458201
151.48451432950674
151.46905795858692
151.48451431838092
153.73051274407473
153.73051274407473
153.73051271582483
153.73034705872942
156.20412850548558
156.20412850548558
156.20412850216906
156.20410498978288
158.18730569652075
158.18730569651814
158.18730536344964
156.24823576693197
157.03063758572708
157.03063758572708
156.93014690162587
157.02599204161373
155.9010280551548
155.9010280551548
155.90101183474016
148.99654489817354
157.0507470551674
157.0507470551674
151.1354032286595
156.87119132353223
155.86055644220406
155.86055644220406
155.85241117341334
142.19599958967808
155.1045325486173
155.10453254715557
155.09324584202386
153.57792329458627
154.90593915716053
154.90593915716053
154.52849962179945
154.90593914020863
153.8772881374141
153.8772881374141
147.68889991894906
153.87724570456857
152.90709823673737
152.90709823673737
144.87181656490017
152.5706342291793
154.0263134945827
154.0263134945827
151.61994550341888
154.02631330670232
153.90230504464077
153.90230462497303
153.90003591819396
153.90161409363304
156.0179751797701
156.01797499938735
156.01796941187695
145.5253019621432
155.24415518296865
157.01615657503024
154.63931772727395
157.0152650590199
156.2964145462162
156.29621767154237
155.056838718843
138.27479127765633
156.86348935024108
156.85723367543577
156.33928416857432
156.8634895337326
156.18145374893206
156.1809211008656
147.64468498146056
156.18144946028806
155.53044509166696
155.53026209848326
153.93901544281147
155.52570288259096
154.90848449430248
154.90848286938814
154.49842295481196
154.13398200923274
156.51335431205263
156.5133537141841
156.48693892112928
151.53107388049975
155.85421082867907
155.85421082596827
144.53213230867303
155.84981468992265
155.60337544785057
155.60337544785057
155.58218475401546
143.55010785796384
154.96737614267957
154.96737614267957
154.9673761259804
154.96582721220733
155.12445419386418
155.12445419372204
142.43186412077924
155.1244531104027
154.51541215312383
154.51541215312383
154.51541214858014
154.51540402803778
153.93021549362308
153.93021549362308
153.93021548504396
146.22994434147756
153.2895438821299
153.2895438821299
153.2841669986943
153.2895016204309
153.42810058091837
153.42810058091837
153.4272506222873
153.42809918915606
152.8647776197139
152.8647776197139
152.86477751830907
152.86474475658736
153.52604578270012
153.52604578270012
153.52603980354172
152.62145827899462
154.93411454737375
154.93411454737358
138.73360957368385
154.72650626010687
154.92786206356217
154.92786206356217
144.48537015471965
154.21270593286073
154.37709785562433
154.37709785562433
154.18964059926444
154.37709778768627
154.79160326293334
154.79160326293334
154.7091100779565
154.78789195439407
154.26149653238411
154.26149653238411
154.2614811886667
144.95746333890762
154.53439747113038
154.53439747113038
153.9097174741156
154.53347926549566
155.36387552180548
155.36387552180545
155.02194605000545
155.35545154316858
154.84995676977516
154.84995676977516
154.09708990641263
154.84995671804344
154.35201976854304
154.35201976854304
154.3424577059746
154.23234357182494
154.3060694876999
154.3060694876999
153.08472093744666
151.87663219558186
153.88543798879593
153.88543794539356
148.5388514386375
153.88543798309453
153.44405583430407
153.44405583430407
152.947891262031
153.44405580030468
153.01561509895708
153.01561509895708
147.20009534136497
153.01558859669635
153.154464607911
153.1544646079098
148.5827046484475
153.13921605285765
152.74232682414458
152.74232682414458
152.32947017030293
150.67786262552528
152.34176203000155
152.34176203000155
152.3417620152973
151.51999368154807
153.42809458122622
153.4256058175428
153.4280938820535
153.4273270032605
153.00756054900754
153.00756054900754
153.00752436930856
152.403630729273
153.31699249652632
153.31633260577132
150.91666142124404
153.31596763257173
152.90179690797547
152.90179690797547
152.89918972833584
148.57874769780025
153.81878444694712
153.81878444694712
153.818711010313
141.23996036077415
153.91117901867727
153.91117901867727
153.53498832887672
153.91117851259926
153.48368650489635
153.48368650489635
153.1927625710351
153.4836864715645
153.64452823975475
153.64452823975475
153.6445282380242
129.3602153331608
153.72286018211432
153.72286018211432
153.7228597806297
153.7205766134372
153.32321491211914
153.32321491211914
153.32179480949412
153.32213039148127
152.93329962381443
152.93329962381443
152.93326586590467
152.9325767160445
152.88535820296394
152.88535820296394
152.88535816344577
144.08718327515882
152.56670457773043
152.56670457773035
150.83443761526593
152.5664293868957
153.0503266015508
153.05032654861014
152.69732493889916
149.05503154612836
152.73694116666752
152.7369411663182
150.85986017887328
152.73669584533533
152.46262023774466
152.46262021039294
152.46261978432122
152.46225210609748
152.90391857244137
152.90391857244137
152.90327828736008
152.90349419715835
152.52491040674337
152.52491040674337
152.52490986512117
152.520349437256
152.187214108881
152.187214108881
152.18713440969964
151.99242281687964
151.91708633720788
151.9170863331102
151.91708397404665
151.89221540170243
151.65260636263062
151.65256767799102
139.34124276577376
151.6526063607203
151.3378645787159
151.3378645787159
146.61770905733314
151.3378645718141
151.02978422167618
151.02978422167618
151.02978421898345
150.4507526781889
151.38196505154096
151.3818875237905
146.00452378034296
139.09900609661088
151.3358123390643
151.3358123390643
151.33581229979745
148.27658321261904
151.89239516299995
151.89239516299995
151.89239515930262
145.32076160246072
151.58990903901528
151.58990903901528
145.75414541042073
134.43029430292555
151.2934883668357
151.2934883668357
151.29348590663253
150.99383743587796
151.01588414473375
151.01588414473375
151.01588414473375
147.9776325201441
145.0471572837376
139.3168109243105
0.0
0.0
127.84330907403067
127.84330907403067
127.84330907403067
127.84330907403067
146.28136739119944
146.28135011667868
146.28136717829145
146.28136739119944
139.9372429955772
139.9372394151883
139.93724255545192
139.9372429955772
152.1633833341741
152.1633833341741
152.08999228121604
152.1633833341741
151.10022060046225
151.10022060046225
151.1002162031182
151.10022060046165
148.75690025222093
148.75690025222093
148.75690025222093
148.7569002521617
144.76753613522123
144.76753613522123
144.76753613522123
144.76753613522123
141.7122786492548
141.7122786492548
141.7122786492548
141.7122786492548
139.3360578441206
139.3360578441206
139.3360578441206
139.3360578441206
137.43508120265628
137.43508120265628
137.43508120265628
119.30159907596489
106.24196268889295
95.54599341973487
0.0
0.0
130.04252907348933
130.04252907348933
130.04252907348933
130.04252907348933
125.49165966729743
125.49165966729743
125.49165966729743
125.49165966729743
140.32136071119098
140.32136071119098
140.32135255445104
140.32136071119098
135.47647692832786
135.47647692832786
135.47647692832786
135.47647692832786
149.64128002528088
149.64128002528088
149.64128002528008
149.64128002528088
144.85840204642835
144.85840204642835
144.85840204443656
144.85840204642835
141.4415645947443
141.4415645947443
141.4415645947443
141.4415645911098
144.16692623506083
144.16692623506083
144.1669262318145
144.16692623506083
141.8373947883639
141.8373947883639
141.8373947883639
141.8373947883639
140.9021904107155
140.9021889959439
140.9021904107155
136.34019000595845
128.98806136396772
126.02160688700944
0.0
0.0
151.644596907879
151.644596907879
151.644596907879
151.644596907879
174.3443392471125
174.3443392471125
174.3443392471125
174.3443392471125
181.32590222790637
181.32590222790637
181.32590222790637
181.32590222790637
171.81477924352473
171.81477924352473
171.81477924352473
171.81477924352473
162.38660449982723
162.38660449982723
162.38618088735348
162.38660449982723
155.72360926213878
155.72360926213878
155.72360926213878
155.72360926212656
153.08060685233616
153.08060685233616
153.08060685233602
153.08060685233616
159.96442181310417
159.96442181310417
156.8981729805739
159.96442181310417
161.2274813599221
161.2274813599221
161.2274813599221
161.2270228632187
160.336964158978
160.336964158978
160.336964158978
160.33696415897592
160.336964158978
160.33696415897657
0.0
0.0
130.02528786337857
130.02528786337857
130.02528786337857
102.2322488530081
87.03051654592234
83.81496950027557
0.0
0.0
0.0
150.04029887033118
150.04029887033118
150.04029887033118
150.04029887033118
135.52027281300937
135.52027281300937
135.52027281224565
135.52027281300937
130.6801291649006
130.6801291649006
127.80498878629795
130.68012916428376
130.3136601604805
130.3136601604805
130.31366016007306
130.31366016048048
141.55549099209435
141.55549099209435
141.55549099209435
141.5551724068619
139.49423204227045
139.49423204227045
139.49423204227045
139.4942320418783
138.02133569906826
138.02133569906826
138.01937213045508
138.02133569906826
136.91666343953955
136.91666343953955
136.91666343953955
136.91666343953955
139.9105351762983
139.9105351762983
139.9105351762983
139.9105351762983
143.06403498501453
143.06403498501453
0.0
0.0
225.4030646621558
225.4030646621558
0.0
0.0
223.44005075480453
223.44005075480453
223.44005075480453
223.44005075480453
176.7373791762513
176.7373791762513
176.7373791762513
176.7373791762513
173.5654342550831
173.5654342550831
173.5654342550831
173.5654342550831
160.83921928175616
160.83921928175616
160.83921928175616
160.83921890069098
154.39067975869867
154.3893538351179
154.3906797586945
154.39067975869867
150.09124065952136
150.09124065952136
150.09124065952136
150.09124065952136
150.26959184130465
150.26959184130465
150.26959184130465
150.26959184130465
147.0036807841715
147.0036807841715
147.00367890982406
147.00368078417148
156.19633419493726
156.19633419493502
156.19633419493726
156.19633312209405
153.4778627374711
153.4778370296345
0.0
0.0
123.32912983483101
123.32912983483101
123.32912983483101
122.76519043639695
113.9333633661937
119.84411914217323
121.36336323249506
121.36336835984028
123.73104109081424
123.73104551400264
0.0
0.0
130.04490316944185
130.04490316944185
130.04490316944185
130.04490316944185
140.51935844462167
140.51935844462167
140.51935844300107
140.51925120503685
159.23545541109036
151.34226879640468
159.23545541109036
159.23545541109036
160.96533269775685
160.96533269775665
160.96533269775685
160.96533269775685
159.13979894507088
159.1397928887246
159.13979894507088
159.13978116610573
154.2843970096553
154.28439700938267
154.2843970096554
154.2843969990604
156.04069871558931
156.04069871558931
156.0406987155892
156.04069871558931
152.10975705180428
152.10975705180428
152.1064303073039
152.10975705180425
149.12832892078038
149.12832892078038
149.12832892078035
149.12832890760038
146.48385654976101
146.48385654976101
146.48385654976101
128.92468055712982
115.61177594693318
87.94168806987653
0.0
0.0
130.01872254517585
130.01872254517585
130.01872254517585
130.01872254517585
139.52940576030147
139.52940576030147
139.52940576029738
139.52940576030147
133.07200134239017
133.07200134239017
133.07200134228248
133.07200134239017
129.83628782346943
129.83628782346943
129.57213879082116
129.83628782346943
149.986373460768
149.986373460768
149.9863734607377
149.91385305688067
145.13594927710807
145.13594927710807
145.13589934810696
145.13594927710807
141.67076653509702
141.67076653509702
141.67076653435498
141.67076653509702
139.44947302907343
139.44947302907343
139.44947302907343
139.44947302907343
137.7214224282452
137.7214224282452
137.72142242823975
137.7214224282452
139.76569561956532
139.76569561658016
139.76569561956532
119.4260342455175
115.19781175712365
113.01782273868069
0.0
0.0
120.5739784492577
120.5739784492577
120.5739784492577
120.5739784492577
140.29455955553593
140.29455955553593
140.29447201587328
140.29455955553593
134.29677315746883
134.29677315746883
134.29677315746883
134.17850155202328
154.16962251919108
154.16962251919108
154.16962251919108
154.16962251919108
169.75794971821932
169.75794971821932
169.75794971821932
169.75794971821932
168.5778757809064
168.5778757809064
168.57787578085444
168.57787578090637
162.99661079508894
162.99661079510798
162.97100129400812
162.99661079510798
160.9321284750634
160.93212847506754
160.93212847506754
160.93212847506754
157.8275647829069
157.82591420264072
157.72011594431484
157.8275647811263
164.89407962008812
164.89407962008812
164.89407962008812
140.5320355127268
122.51398937372379
108.50185682762968
0.0
0.0
127.48896202196671
127.48896202196671
127.48896202196671
105.45447800368039
91.35288880118469
86.47614965655627
0.0
0.0
0.0
213.82731447338006
213.82731447338006
213.82731447338006
213.82731447338006
208.96134022666388
208.96134022666388
208.96134022666388
208.96134022666388
181.8024722191625
181.8024722191625
181.80247221916218
181.8024722191625
173.24195547119115
173.24195547119115
173.24195409765892
173.24195547119115
174.93928420411197
174.93928420411197
174.93928420411197
174.93928420411194
167.0735239446924
167.0735239446924
167.0735239446924
167.0735239446924
161.45437492233322
161.45437492233322
161.45437492233322
161.0997488587863
161.5700406398321
161.5700406398321
161.5700406398321
161.5700406398321
157.8113654205622
157.81136470093276
157.81136542047415
157.8113654204957
154.80417695289296
154.80417695289293
150.47748324188288
154.80417695289296
152.41560349646798
152.41560349646798
152.41560349646497
152.41560349560362
149.8660676554334
149.8660676554334
149.86606765543186
149.86374222875577
148.11015315907886
148.11015315907886
148.11015315907886
147.74150211140707
152.16685980324485
152.16685779020548
152.16685980324488
152.1668598031703
150.91393806997374
150.91393805255296
150.91393806997016
136.98646797483187
150.22724215820338
150.22724215820338
146.88824474324701
150.22724215820327
154.15994130910107
154.15994130909866
154.1599413091009
154.15994130909533
152.50142262945886
152.50142262945886
152.498944297125
152.4928772350914
151.0120778100698
151.0120778100698
151.0120360907791
150.99282835339375
154.97597277829956
154.9759724690451
154.6452462561814
154.97545679835267
153.56696732533658
153.56696732533646
153.56696662943628
153.56696731273686
152.28573887012058
152.2857388701204
152.28563587763625
152.28573887012016
151.19834196479246
151.1983419632104
146.59959590978005
129.2884232748358
150.20103955600925
150.20103904911343
150.20102488493404
150.1513933909826
149.2835214378762
149.28352142438092
149.28352128771033
149.283521437848
148.43658163652697
148.43658163529952
147.99000647099052
148.43626392938202
148.19117913772737
148.19117660770078
146.78412078991343
148.1911711103597
147.31159653950905
147.31159653950905
147.31159653930382
147.31142876570286
146.70779473187625
146.70603043224992
146.7076663984893
146.70080719290777
147.97459922834986
147.97459922794528
135.39808644515017
147.97459302974707
150.7309386247422
150.73093691191144
142.24373426256616
143.31904198301882
150.00628961645094
150.0062891932507
150.0061672372653
150.00628945800722
151.38331083609563
151.38331083609563
151.36021143708024
151.37330292377587
150.8989096220233
150.8989096220233
150.7293152819722
150.89890294612712
152.98437208231556
152.88129986098994
142.27051294180342
152.98436878987542
153.59179909751467
153.5917990511277
153.59179010816072
153.28963980140978
155.64516751727547
155.64516751727547
155.54800369238433
155.64516727661308
154.73420461364586
154.73420461364586
154.73411220780966
154.7342044539964
154.05372219230367
154.05372205920776
148.92078775416252
153.28067692703726
153.9164490414539
153.91060690611872
153.91638714764096
153.91644072181765
154.64333508549765
154.62627142571532
154.64341246826788
141.22056954411656
154.92196222995253
154.92196222995253
148.42077410262
154.92183655543076
154.3785482971935
154.3785482971935
152.92196117437686
141.66586367590307
153.65327135731835
153.65327135731835
153.65295229893465
153.65259454283404
154.98815099374053
154.98815099374053
154.9881361408521
154.95377513810863
154.37070707335587
154.37070706813915
154.37070683014
154.37070689512768
153.77898612772768
153.77898612762814
153.7524127315743
153.1124679280285
154.0356297551547
154.0356295917272
153.9283321440716
154.01877776996963
153.47488477765032
153.47488476684325
152.05255358498135
152.66465105029343
154.76979103618868
154.76979102797915
143.81158444148653
154.76977296598025
156.16728245592125
156.16728245218175
156.16515165632495
156.16727478276454
155.50649997970675
155.50649997970675
155.4906717765984
155.5051271070991
154.87046748867678
154.87046748867678
154.86995899125773
131.80621681279766
155.1109942595505
155.1109526222948
155.0816785351159
142.92818873377317
154.60221402216735
154.6022139866476
154.602097535568
153.04454610568695
155.71698877235733
155.71690944394234
155.69842945204806
155.71698610833852
156.7747367818337
156.7422855793621
156.68541988396376
156.4129883579679
156.28755634548628
156.28739391401686
156.24562801074353
156.28201395830857
156.89859304844126
156.89859304844126
156.898589929266
156.39872008671907
157.0574100728091
157.0574100728091
157.05721086402468
156.98510027920742
156.49038648548031
156.49038648548031
156.48648192087484
138.02818699045622
155.94125555410412
155.94125555410412
153.5173263015931
152.01651785533983
155.8028466900829
155.8028466900829
155.77688924670346
155.8028464379653
155.4011950442398
155.4011950442398
155.4011948360738
155.40119421990627
155.05562513388304
155.05562513388304
153.6178939745069
154.02602899386397
155.4619233886873
155.4619233886873
155.37220920419037
136.57500240384508
155.12886595526984
155.1288659360407
155.11990683497805
149.27806235643828
154.72204794164824
154.7220478469361
139.63072264485723
154.59595694528014
154.5017437126455
154.50174367077534
154.23648048693772
150.1180430252426
154.0478921311859
154.0478921311859
150.4773478859791
149.86962337545245
154.7592885973869
154.75928853637336
154.51968693948896
154.42594150688677
154.38375162557637
154.38368926397817
131.0737921109549
153.18788972013124
154.12728110708173
154.12711828844894
150.1437037187324
147.69683672486366
153.76606020224176
153.7660601872272
139.13634624188563
144.92454311176382
153.41409570975264
153.41407515375252
143.63617903338144
153.41309135776774
153.12014827672263
153.12013404993743
153.10778458426267
153.0726088306719
152.9199507152674
152.91991998116904
150.96787246619326
150.37014351976507
152.72174482161992
152.72174476804196
151.64625859972796
152.11862281064526
152.3094135966508
152.3094135966508
151.0446466657282
136.40277128257156
151.89505174957705
151.89505174957705
149.38623459582996
146.03377666828493
151.52791141923132
151.52791141923132
151.06928183628582
133.864097336704
151.1341882405398
151.1341882405398
151.1326458684637
143.23753388234968
151.51478341285815
151.51478341285815
147.11917970016307
151.1003469819234
151.92107868974423
151.92107868974423
151.63206879145133
151.6192793462066
151.65043587237136
151.57490777680732
141.86420707004672
150.40279480072778
151.9566283904788
151.86261736343553
151.9046115211519
148.00687648278253
152.49502098618822
152.49502098618822
144.75819318054363
134.2259090376446
152.15364329700148
152.15364329700148
151.74620301714455
145.68021912456547
151.81985964637573
151.81985964637573
142.72179340742719
141.03747683330747
151.8926877609425
151.8926877609425
147.39914565728878
143.92590336130857
151.76929549509444
151.76923826436067
149.43785366068124
151.6600423917442
152.2821052462728
152.61062503304692
152.57081837700196
152.28350467587475
150.44982653197712
153.4955780964035
147.36474394589482
153.49308110498046
153.5667547209908
153.56663645777132
152.989841143226
146.2302566868309
153.943999944001
153.943999944001
153.84032949055145
141.73831957199508
153.82353052536595
153.82353052536595
146.42989139031343
138.4007770908702
153.86817888284193
153.86817888284193
153.68150901700648
149.90187179226754
153.5578376946789
153.5578376946789
153.54740000087435
151.1119068567769
153.25350077344046
153.25350077344046
151.35028435171174
151.49734066998167
152.95523743841503
152.95523743841503
152.95523743841503
149.78647389187046
145.3578052724201
137.62930249366315
142.54025252203144
139.73224661745647
138.42619077551828
138.11054607526958
137.7164234231408
137.4988208764713
136.87149069166563
136.59904148998112
132.2125625236246
135.99774601317455
135.32273490673703
135.05792485961516
134.30256949654267
134.69365967393742
134.2415910444289
134.06300706059847
133.8977965414335
133.70850550629177
133.23195648680468
133.143165900636
132.86937353443878
128.523738705142
132.19851135332902
132.1161086152054
131.63498171370418
131.8069258333662
131.40233250681135
131.31777178625038
130.9996412787876
131.05141251452224
130.7400764000026
130.70539823324734
130.08095590477933
130.3778647945136
129.90260847134823
130.06485272433247
138.9332702769674
121.01457225598517
108.42847207301676
98.61740319605917
145.16704632883176
131.97567611501267
121.37250184409565
113.13304421964493
109.55153874745945
110.17101915946968
108.89689814742707
110.46921753085063
110.12468540070216
111.28074655786533
116.93541971882124
117.90300789933431
117.2278899275556
123.3730825687696
124.3234283028449
123.97106610250177
124.73413983063435
125.16931775092016
125.09189661317973
127.09549483169796
126.90871372561851
126.95666114336538
126.1705779468959
125.9047570553258
125.28370645760177
127.070078541307
127.22683525205431
127.05196255347488
126.52585091582179
126.54617889005219
125.9705302432479
125.80372629782373
126.74907897648119
124.74163030384994
124.27994213247268
125.18089610241704
125.05308569085705
125.81612439458767
125.69575121030513
125.64409710911816
160.23732647629262
136.0256122920015
118.03062593525897
104.2845630534698
132.51694363476201
116.54997632584855
104.16000096434179
94.00786660184554
160.84341433806725
156.86017186187559
154.31413691899158
151.30884179710137
149.81534607525987
146.77216341546273
145.22882164776837
145.01326894701495
144.8414445336888
144.70817335630133
144.3556368925172
143.78190543808213
147.67610195721784
124.64064605115585
106.94672899334503
88.72302318741808
162.4109084574638
156.86563603094893
149.853278345776
146.16370865708907
152.58958478280832
152.27996061198508
152.0666673977388
151.63690953886635
151.14518818040222
150.7472624895184
149.93791005570122
149.5598814041698
149.13426277177248
148.6642749130807
147.84718285449443
147.48762438821984
145.97051659571736
146.52404655288308
145.89712999746982
145.6312998500396
145.29003990002505
144.97949089111103
144.2898029299604
143.93216118735003
143.55043888768094
143.29410184040412
142.33984500828183
142.45269182467132
135.87013983560362
141.81351973614207
141.16182603743982
140.95051957438113
138.03767589316115
136.9338712627196
139.78656192896048
139.6241820957716
137.5149704045519
139.0249847914952
138.26135320340668
138.651229366681
135.07369183488626
137.98313362695657
137.86481052940215
137.42982466872473
128.5066153206963
129.19308375681692
129.51217413442617
129.63927281062408
0.0
123.21192877221175
123.21192877221175
123.21192877221175
123.21192877221175
123.21192877221175
123.21192877221175
123.21192877221175
123.21192877221175
123.21192877221175
123.21192877221175
123.21192877221175
123.21192877221175
123.21192877221175
123.21192877221175
123.21192877221175
123.21192877221175
123.21192877221175
123.21192877221175
123.21192877221175
123.21192877221175
123.21192877221175
123.21192877221175
123.21192877221175
123.21192877221175
123.21192877221175
123.21192877221175
123.21192877221175
123.21192877221175
123.21192877221175
123.21192877221175
123.21192877221175
123.21192877221175
123.21192877221175
123.21192877221175
123.21192877221175
123.21192877221175
123.21192877221175
123.21192877221175
123.21192877221175
123.21192877221175
123.21192877221175
123.21192877221175
123.21192877221175
123.21192877221175
123.21192877221175
123.21192877221175
123.21192877221175
123.21192877221175
123.21192877221175
123.21192877221175
123.21192877221175
123.21192877221175
123.21192877221175
123.21192877221175
123.21192877221175
123.21192877221175
123.21192877221175
123.21192877221175
123.21192877221175
123.21192877221175
123.21192877221175
123.21192877221175
123.21192877221175
123.21192877221175
123.21192877221175
123.21192877221175
123.21192877221175
123.21192877221175
123.21192877221175
123.21192877221175
123.21192877221175
123.21192877221175
123.21192877221175
123.21192877221175
123.21192877221175
123.21192877221175
123.21192877221175
123.21192877221175
123.21192877221175
123.21192877221175
123.21192877221175
123.21192877221175
123.21192877221175
123.21192877221175
0.0
0.0
0.0
0.0
0.0
0.0
0.0
0.0
0.0
0.0
0.0
0.0
0.0
0.0
0.0
0.0
0.0
0.0
0.0
0.0
0.0
0.0
0.0
0.0
0.0
0.0
0.0
0.0
0.0
0.0
0.0
0.0
0.0
0.0
0.0
0.0
0.0
0.0
0.0
0.0
0.0
0.0
0.0
0.0
0.0
0.0
0.0
0.0
159.74219793460236
154.08750108508568
146.3181606974473
143.60033278515533
0.0
0.0
0.0
0.0
0.0
0.0
0.0
0.0
0.0
0.0
0.0
0.0
0.0
0.0
0.0
0.0
0.0
0.0
0.0
0.0
0.0
0.0
0.0
0.0
0.0
0.0
0.0
0.0
0.0
0.0
0.0
0.0
0.0
0.0
0.0
0.0
0.0
0.0
0.0
0.0
0.0
0.0
0.0
0.0
0.0
0.0
0.0
0.0
0.0
0.0
0.0
0.0
0.0
0.0
0.0
0.0
0.0
0.0
0.0
0.0
0.0
0.0
0.0
0.0
0.0
0.0
0.0
0.0
0.0
0.0
0.0
0.0
0.0
0.0
0.0
0.0
0.0
0.0
0.0
0.0
0.0
143.55793084868282
132.6856688548647
129.78706163599892
0.0
0.0
143.55793084868282
132.6856688548647
129.78706163599892
0.0
143.55793084868282
132.6856688548647
129.78706163599855
0.0
122.83502443756811
112.53660478503821
115.88233708140778
