0.0
199.60976116215622
199.53580107321503
196.76094818194602
183.2668712827857
184.26389786320192
162.14141192701788
146.62579764122543
157.42896878552298
179.62287274541995
156.74641642699214
117.82389615471998
152.2834448393345
179.58141391525746
155.70338082615837
120.35453623994485
154.85436508344145
179.53002982389486
155.9759552794759
111.70688556502697
155.3140144267256
178.6183274033775
156.77361113728074
101.66700478997137
153.3968124541052
179.23530392777116
156.0495986964548
108.5525517760953
154.29070797917376
179.52750261763546
156.40401302054104
119.68226021581525
155.36941595568283
179.72962534252252
155.5888449370662
111.23691682502442
153.85120346019374
179.04544325249853
155.94963256746803
121.22936399438159
