0.0
143.55793084868282
132.6856688548647
129.78061115893206
0.0
143.55793084868282
132.6856688548647
129.78706163599892
0.0
143.55793084868282
132.6856688548647
129.78706163599892
106.74451786577974
106.74898518109765
106.60821583607547
106.42535527032949
105.44933749561879
105.45094808567245
104.54966164366641
105.30401927430255
105.00911542584294
105.01255437135535
104.97278171504549
104.91835850394177
104.78865671440975
104.79245721956023
103.85949104735774
104.72325951416566
104.65693812036902
104.66012032590537
104.63726857547452
104.60546390643363
104.56889379399487
104.57177933825835
104.55294864378746
104.52662432666393
104.50600498944189
104.50862152806816
104.49261135568527
104.47209765951908
104.45883838602715
104.46122190421295
104.44729876890676
104.42772497216289
104.42215324320233
104.42433698563528
104.41202025181138
104.39467176688436
0.0
143.55793084868282
132.6856688548647
129.78706163599892
0.0
143.555885313911
121.20101694656834
121.50760545276708
0.0
143.55569509439033
125.2439416138819
124.40040554297869
0.0
143.46119274076355
-858.0107099046303
-1017.6237870817215
0.0
143.2363002981363
-862.9545375019615
-1046.5061753982015
0.0
130.65051340840466
129.38355946741547
129.69323168856604
0.0
143.3560701751055
-901.3271596527405
-925.6262195947013
0.0
143.2233518267448
-895.4481976066994
-887.4172052952673
0.0
143.49037526559266
-1984.1595475417557
-2391.902634735278
0.0
143.55791947869756
-249.66573104510124
99.59559746858585
0.0
143.55793084868282
132.6856688548647
129.78706163599892
0.0
143.55793084868282
132.6856688548647
129.78706163599892
0.0
143.55793084868282
132.6856688548647
129.78706163599892
0.0
143.55793084868282
132.6856688548647
129.78706163599892
0.0
143.55793084868282
132.6856688548647
129.78706163599892
0.0
143.55793084868282
132.6856688548647
129.78706163599892
0.0
143.55793084868282
132.6856688548647
129.78706163599892
0.0
143.55793084868282
132.68566884809647
129.78706161124327
0.0
143.55695906615446
123.81982286873225
123.1001543832815
0.0
143.55730696687152
122.55233625478004
123.43636343258532
122.74524221247093
107.83888425702705
100.89763097300877
123.47017227067434
102.79207762944779
99.33955253294344
92.30164767839759
117.55869157044295
104.16749780797758
96.38280164274047
93.10413643224967
110.84100120434357
103.37768142992721
98.40220513586911
89.16378814346737
114.25223345447222
104.47369572070956
99.67724787609235
89.47109816996843
116.49889715642905
105.0567276396387
98.38627761836155
89.4866910242073
111.76188747086097
103.04834714994331
98.1148335469998
88.88468922623512
115.82243082686023
104.97161958837918
100.36394690235942
0.0
143.55732206525607
122.58873791745391
122.20474133147437
122.8145924275373
108.13632314909614
101.29892953169093
122.60422037698537
103.93308784664546
98.67288098748337
88.81383832663238
116.34236160602266
103.07433501694786
98.07624468733671
90.45685374812885
115.54909834712277
104.34039723610712
96.32723547490392
89.38526509035079
113.86821657176024
103.37060015496222
99.39957510708041
90.2062176757091
118.35646095264042
103.39072001587333
96.86756833803429
91.78871685125364
115.15113647887142
103.50701744249875
97.57893111238825
92.06332161620017
109.04845813407516
104.52867653158401
99.59967055541217
89.14147926311163
113.62422181228477
103.12344568791455
100.07472927717365
92.55765538660373
115.61557889483845
0.0
130.68157380489617
130.36702335495534
130.25438534721363
0.0
143.55727688282573
122.52534748010933
122.71651392242369
0.0
143.55734673611173
122.67704904565554
122.93497199636751
0.0
143.55753390869543
122.64034331056966
122.96857974669396
122.7456469815831
107.81368697780306
100.9342310266806
122.35149396206512
102.36624198751709
96.37928322748941
90.05668057484394
114.35757258836945
103.05117722496703
99.36583162091367
90.08184993004019
107.99797795768526
103.11068807119804
100.18079919475969
89.60941400569476
115.38711721654109
103.47430791899336
99.48845760974875
91.66515878281105
115.85074542299945
103.55056947782151
99.92119257816341
89.95607050442318
118.48013879392381
105.03577654108645
100.33380891544927
92.08335183334574
116.84414708981764
103.55115647625371
97.42241735995427
89.23684731881224
109.39821708225033
103.86157068065418
97.13903153910186
90.55139498890526
105.53206499501412
0.0
199.033324043727
199.5915769798147
195.29065896183846
0.0
199.20908068023093
199.7508945549327
194.93031290531945
190.78688510486927
162.150186641478
156.9941999756031
180.70231207616948
157.96258915522458
171.4581131853532
151.81447904924997
142.38247548539854
154.1343442298996
174.3472596041224
151.47635392470426
136.70872781362357
153.7033078500092
179.46693614884637
150.9118355566433
134.3567778733285
153.59733097374044
174.1715837798987
152.15145641059542
124.79923587141337
153.20677581863794
174.78369529453602
155.10920150093222
129.06685418152213
153.2519309954897
173.3198848073704
155.61799817570395
115.53061261802179
153.6434492721086
174.2794885704263
151.34805791897386
113.32203585403337
153.0471858839135
173.65375341609987
154.0698055454544
137.30074123929484
0.0
198.92067729503458
200.19828397847976
194.97255032873977
191.19798901967226
145.32335016685758
157.04772816114752
180.59408011968998
157.58053360762608
171.60619733648136
151.73020110752387
127.90833423712388
153.3460696500213
178.19495495087762
153.01222154735117
130.05677415837667
152.344317791078
173.73839362757644
153.9285219824099
142.9660760389314
153.97750587913094
180.38792445157972
151.33533420428887
126.38782366401969
153.32647646380147
172.34697576301957
154.48638802867038
141.07237397070105
153.4341453654177
174.64388221243382
151.45802667731897
139.48760147052388
153.49877264885365
173.63381652409663
150.97784828005624
136.9400347097783
153.74413669533854
172.89417069683228
155.75280913999183
137.6739032342427
