0.0
191.1332491422725
189.58473143010528
186.65150869816125
179.34425890852333
116.71286944578493
156.0793462434765
157.9314959217921
168.25629101276994
144.55844206473367
166.49140005746355
156.27108418263583
177.17657728112343
174.77324887464917
167.58081719319136
169.1692279839386
157.40226192728394
178.18336727791993
161.68092358351748
164.1215212657473
155.23580569933569
165.23749097933234
162.12416611813887
170.05524927419074
154.3179268551022
169.5072231726836
154.2344698260801
172.68895131724935
157.27636680571894
178.78871311132022
155.1693965560861
171.9601758627496
163.01284934731177
177.34367785911616
151.83475524708567
164.25244799775285
155.26345715968625
176.03154755268122
155.05015740662841
174.74793183139084
154.53729061823904
159.88852075909878
156.4246568638098
168.46536556513047
159.15744776441164
167.7621496985722
154.23785315900932
164.35082415349197
172.22071181045214
175.56000366509218
165.30477514591394
176.40966692035067
166.84983217774035
169.90849938275576
161.01870092451662
175.09535822433736
164.93930236977428
168.4977155919538
167.74831593117136
167.26920747370104
161.00586321840146
169.9332835267599
153.9810511734165
168.31415165830518
162.75028045678224
168.13355879086402
154.80361783760677
164.41119168687533
162.21601490308632
175.7925129573157
159.41575398213564
169.06622909514644
145.8522952679951
162.98627824528268
168.0567450978993
176.13273749010526
165.49240481992462
179.6567516971698
160.09953356338343
175.69381084596318
148.0959846275825
180.14395650719786
168.34241609892266
162.2019174583295
162.16587042431394
183.96211191263203
154.8474289489772
178.896601682454
174.71505948001362
163.34648425904385
136.57014859582068
131.74948067754994
119.76848981728517
116.37982724842072
116.43093662893028
106.88579426185922
125.4894162170639
109.41315600126214
110.63675276786441
119.30077008998623
134.66123356285374
114.7587080786079
94.12566517626473
124.61477748367598
99.36293240557434
133.0876113573979
106.82522502964741
98.62817833598565
158.6631739156208
160.08376664313982
121.47844091178534
119.98197185963474
142.06768524582668
159.6599992874792
111.78390165331933
102.15709805447098
142.12559956491873
155.81468358610647
110.20649761475842
109.52440984969158
138.7900454103816
171.47229614343803
108.29827701582369
114.37422486303565
132.8248954202462
170.53637357715942
100.46410253818755
115.34660866446954
175.05438671911458
148.84410105109598
150.76754469369075
166.7924853726922
170.31063529173517
175.64353076255892
166.9301812103092
171.85387241699993
164.3445941530773
160.78393921283055
152.31514754402352
163.37365336475716
165.34986585712556
177.52447450185522
162.93395232167063
161.29250304117735
165.37527533045252
167.37287203319653
156.35148808337192
168.56077085716566
153.53782109486195
172.37933348699133
161.69719316825578
165.42053893879307
157.32812979258276
165.20111461120564
150.01991861695953
162.8115452339923
159.2254828189232
164.4728114500148
152.7984101162193
165.8131904324904
148.3430855882851
178.30626788475755
155.77205439140454
161.07061075193872
153.50770113735078
178.96734586580823
164.3276718580119
161.45270355110733
159.96778927576904
149.17335894935732
124.84931491517008
108.88008263470036
147.3889748146892
183.48308585405215
128.85891368936163
138.7700173738062
163.82766569921864
166.43667513310945
131.21502633904387
108.55886879979843
158.91485109766205
163.02660605105956
136.75047393924572
103.36237289879907
155.91115315511092
168.53107465996325
123.10289871861855
89.52889144529065
140.78385866403448
166.92549495357946
111.56119829158891
102.97671416727695
147.30205553270076
154.58594682723444
108.51076013312999
99.89997672124817
147.53298202929494
162.76976681004749
108.81400797183555
109.92613420815567
146.0930216414177
160.77379723896846
111.58581575268383
110.46215317882297
153.65811075544198
151.59202723445196
108.27669968717255
104.38450635194724
