0.0
199.24011662893898
199.52554048862154
196.76094818194602
183.41976292759915
189.24493761699244
162.27982666638263
146.62579764122543
157.68279982523632
184.44798822969634
157.05685988673343
117.82389615471998
152.28519158254565
184.40727232438573
156.03521952391893
120.35453623994485
155.10157631868194
184.36215648494624
156.29852000397995
111.70688556502697
155.5589143031749
183.01246940752952
157.08018173449798
101.66700478997137
153.63192188197058
183.97500145638202
156.36927234854105
108.5525517760953
154.53689019336875
181.98588527190537
156.71591195621534
119.68226021581525
155.61240458793054
183.83133581151523
155.92872959861063
111.23691682502442
154.09458154384905
183.69368572382177
156.2706967032923
121.22936399438159
