0.0
0.0
0.0
0.0
199.98317001077874
200.26427127921252
195.00044022097336
177.0788711856778
184.0666619963937
159.4114837236266
175.1633973550922
147.16521565106552
178.8946363885543
148.34604705371208
169.2044912790658
144.43929343170677
179.67446506295911
148.01290926780266
168.0593778054797
144.48621303136983
179.74645264832952
149.41358197022947
168.75698128610188
144.8487138557416
179.7464968576985
148.88662456858847
168.01951393687648
144.6253168427673
178.50517430507438
149.2621228216111
168.79022401802087
142.39545159450935
179.7327041182377
148.34525271266799
168.1460674730889
142.6834795502159
178.6616174724779
149.37742141371427
169.1980203932315
142.34665771110807
178.78444930951287
148.11986749404227
168.82617008301364
0.0
199.60976116215622
199.80633452112025
194.89619561064038
176.65974155395344
184.26389786320192
159.63581284088443
174.71050302072473
146.76215541631927
179.62287274541995
149.93715391963582
168.16860762958697
142.73494408846568
179.58141391525746
148.4507365061509
167.92792833547145
144.40715845806355
179.53002982389486
148.87211531643197
168.84541869351497
144.89983521850775
178.6183274033775
149.99915143977543
169.1050617630979
143.06032403232678
179.23530392777116
148.9890878726548
169.100029553223
143.7794249855462
179.52750261763546
149.5027096109504
168.0078712004913
144.9630918583664
179.72962534252252
148.20626794952358
168.89654583515153
143.36539782201442
179.04544325249853
148.85137113998525
167.86167573486352
