430 1 real
26.65022432172366 
0.0 
0.0 
9.944597936183508 
71.59936110464338 
0.6925390814782606 
40.52368739030514 
19.390962098292043 
33.13772553665591 
0.0 
0.0 
30.0 
0.0 
30.0 
0.0 
30.0 
0.0 
0.0 
30.0 
0.0 
30.0 
0.0 
30.0 
0.0 
0.0 
30.0 
0.0 
30.0 
0.0 
30.0 
0.0 
0.0 
30.0 
0.0 
30.0 
0.0 
30.0 
0.0 
0.0 
30.0 
0.0 
30.0 
0.0 
30.0 
0.0 
0.0 
30.0 
0.0 
30.0 
0.0 
30.0 
0.0 
0.0 
30.0 
0.0 
30.0 
0.0 
30.0 
0.0 
0.0 
30.0 
0.0 
30.0 
0.0 
30.0 
0.0 
0.0 
30.0 
0.0 
30.0 
0.0 
30.0 
0.0 
0.0 
30.0 
0.0 
30.0 
0.0 
30.0 
0.0 
20.125074532929624 
20.125074532929624 
17.64675788782482 
17.64675788782482 
39.96652094142485 
39.96652094142485 
25.020456867601474 
39.74133801139273 
39.74133801139273 
11.499547263967823 
11.499547263967823 
42.41997778058062 
42.41997778058062 
12.386393299455769 
22.688787357327243 
22.688787357327243 
32.201003202401964 
32.201003202401964 
8.633086247268182 
8.633086247268182 
22.085189103158974 
39.75855159647537 
39.75855159647537 
9.381157243527685 
9.381157243527685 
11.432301372833566 
11.432301372833566 
23.01369475820689 
19.405719679562303 
19.405719679562303 
10.105553012495278 
10.105553012495278 
20.395628872086967 
20.395628872086967 
27.931757906746835 
16.16437811039934 
16.16437811039934 
8.28842141081976 
8.28842141081976 
13.531774969892995 
13.531774969892995 
32.39288386874277 
25.31265115561328 
25.31265115561328 
8.869488329349375 
8.869488329349375 
12.367815902560078 
12.367815902560078 
27.92490316441135 
36.78774117731033 
36.78774117731033 
14.039249986390113 
14.039249986390113 
40.423462180110214 
40.423462180110214 
23.46063080004128 
31.350964171291384 
31.350964171291384 
15.444262277200519 
15.444262277200519 
27.079222144074915 
27.079222144074915 
42.01853551151349 
18.002792804276737 
18.002792804276737 
7.912633069451637 
7.912633069451637 
16.69456663170233 
16.69456663170233 
26.633399787727935 
13.647892197990537 
13.647892197990537 
31.006719086813376 
31.006719086813376 
22.976091304407376 
22.976091304407376 
18.536987884778 
31.01016075356301 
31.01016075356301 
15.175553686483148 
15.175553686483148 
23.59568352480132 
23.59568352480132 
13.588705603508132 
41.79777011539067 
41.79777011539067 
8.40562782225583 
8.40562782225583 
29.05868345579611 
29.05868345579611 
24.956267074342446 
14.118200832286174 
14.118200832286174 
32.13349270636228 
32.13349270636228 
27.822049708288148 
27.822049708288148 
22.046357731141434 
24.143286009375938 
24.143286009375938 
8.366224412140568 
8.366224412140568 
8.685613074188902 
8.685613074188902 
42.68529986668479 
13.024245248165862 
13.024245248165862 
32.96560826773438 
32.96560826773438 
8.877209633234422 
8.877209633234422 
16.549714868920585 
14.056729036046407 
14.056729036046407 
9.864673713031388 
9.864673713031388 
7.64837952111487 
7.64837952111487 
25.84718754710235 
25.095854407442495 
25.095854407442495 
19.510707524106067 
19.510707524106067 
37.94217867062396 
37.94217867062396 
13.246931564337338 
21.221242694851227 
21.221242694851227 
34.25934621052764 
34.25934621052764 
18.139879923518176 
18.139879923518176 
26.06045253437773 
41.65206330367406 
41.65206330367406 
9.771984796966114 
9.771984796966114 
32.48087014858025 
32.48087014858025 
39.67221124134653 
20.91206925043209 
20.91206925043209 
22.943016186620696 
22.943016186620696 
28.392029496079957 
28.392029496079957 
20.220289441089506 
24.24463774129916 
24.24463774129916 
28.07609829294488 
28.07609829294488 
20.197166993592234 
20.197166993592234 
28.52705381850856 
29.27780595618631 
29.27780595618631 
9.13120167589051 
9.13120167589051 
9.843997045612738 
9.843997045612738 
35.27981662566134 
12.939316298788892 
12.939316298788892 
8.211748737546783 
8.211748737546783 
12.72826151689094 
12.72826151689094 
41.46150578582355 
13.621649967848604 
13.621649967848604 
32.450808655741085 
32.450808655741085 
31.14996861720781 
31.14996861720781 
9.706461760758934 
36.59706753568657 
36.59706753568657 
24.401687313563155 
24.401687313563155 
28.843485680769433 
28.843485680769433 
30.855413723733623 
33.68265112488595 
33.68265112488595 
19.392485725126903 
19.392485725126903 
18.139737928802212 
18.139737928802212 
13.887523142328522 
23.155337364881095 
23.155337364881095 
30.835923051388257 
30.835923051388257 
21.225564617585206 
21.225564617585206 
30.599668479097257 
19.91696178146256 
19.91696178146256 
20.10951764425193 
20.10951764425193 
9.094510771719985 
9.094510771719985 
18.66279828549886 
39.90929593314198 
39.90929593314198 
10.798755460283237 
10.798755460283237 
34.25186228094938 
34.25186228094938 
16.877459175929893 
13.779086637404786 
13.779086637404786 
13.190251221279723 
13.190251221279723 
9.0633532994453 
9.0633532994453 
13.354457449300742 
38.793093352944155 
38.793093352944155 
23.014916090375504 
23.014916090375504 
31.775636931682378 
31.775636931682378 
32.945524275714725 
12.003130602212849 
12.003130602212849 
28.44111563631382 
28.44111563631382 
25.34045099516552 
25.34045099516552 
34.9239790391285 
30.66110461604969 
30.66110461604969 
25.31783972237381 
25.31783972237381 
21.907284330311505 
21.907284330311505 
16.915396245115286 
41.884053051670634 
41.884053051670634 
9.293292318308717 
9.293292318308717 
27.962976185278173 
27.962976185278173 
28.0782656672262 
28.56918385011766 
28.56918385011766 
32.43091591961731 
32.43091591961731 
16.795593714764937 
16.795593714764937 
25.534658517146013 
38.5589142166424 
38.5589142166424 
28.45683405852902 
28.45683405852902 
30.362595537808673 
30.362595537808673 
36.050890295615226 
24.055910215762516 
24.055910215762516 
9.923859738774675 
9.923859738774675 
25.40899541851424 
25.40899541851424 
28.968188191931613 
19.2881255057761 
19.2881255057761 
32.95618586542321 
32.95618586542321 
24.835526561457897 
24.835526561457897 
28.383350738573245 
29.42384068794897 
29.42384068794897 
31.118348802586922 
31.118348802586922 
13.316808488716855 
13.316808488716855 
35.5794129978776 
26.73670228689819 
26.73670228689819 
18.657162788203145 
18.657162788203145 
8.839244145540011 
8.839244145540011 
25.706313838608494 
21.02076087043358 
21.02076087043358 
9.278939654575453 
9.278939654575453 
27.470496663910062 
27.470496663910062 
18.711555959382913 
39.25551076754871 
39.25551076754871 
31.175333907483044 
31.175333907483044 
30.42503388488181 
30.42503388488181 
26.52087193589207 
14.520930401084827 
14.520930401084827 
10.350896380096415 
10.350896380096415 
23.984911566508615 
23.984911566508615 
41.468888424103966 
13.162518809422828 
13.162518809422828 
25.031848678130192 
25.031848678130192 
9.914129634155525 
9.914129634155525 
32.97978851944711 
41.206338191969586 
41.206338191969586 
32.201442123769 
32.201442123769 
25.919548188760366 
25.919548188760366 
18.497978664573765 
24.024047726289144 
24.024047726289144 
21.434684055669166 
21.434684055669166 
34.99407169187501 
34.99407169187501 
10.668749779197913 
25.247948818149844 
25.247948818149844 
13.64149911246497 
13.64149911246497 
17.059792019150485 
17.059792019150485 
38.76894195503604 
11.936019656262973 
11.936019656262973 
7.593907893433597 
7.593907893433597 
8.734443689628595 
8.734443689628595 
13.387612715850757 
23.98695579081587 
23.98695579081587 
33.49913073757186 
33.49913073757186 
33.69816862749721 
33.69816862749721 
28.35669310697097 
