430 1 real
0.0 
0.0 
7.251109837296848 
0.0 
0.0 
8.997110956828443 
6.936842754588963 
4.048034257555276 
0.0 
8.107357867633347 
6.0 
0.0 
6.0 
0.0 
6.0 
0.0 
0.0 
5.0 
0.0 
5.0 
0.0 
5.0 
0.0 
0.0 
5.0 
0.0 
5.0 
0.0 
5.0 
0.0 
0.0 
5.0 
0.0 
5.0 
0.0 
5.0 
0.0 
0.0 
5.0 
0.0 
5.0 
0.0 
5.0 
0.0 
0.0 
5.0 
0.0 
5.0 
0.0 
5.0 
0.0 
0.0 
5.0 
0.0 
5.0 
0.0 
5.0 
0.0 
0.0 
5.0 
0.0 
5.0 
0.0 
5.0 
0.0 
0.0 
5.0 
0.0 
5.0 
0.0 
5.0 
0.0 
0.0 
5.0 
0.0 
5.0 
0.0 
5.0 
0.0 
0.0 
0.0 
0.0 
4.0 
4.0 
0.0 
0.0 
4.0 
0.0 
0.0 
5.0 
5.0 
0.0 
0.0 
5.0 
0.0 
0.0 
5.0 
5.0 
6.0 
6.0 
5.0 
0.0 
0.0 
6.0 
6.0 
0.0 
0.0 
4.0 
0.0 
0.0 
5.0 
5.0 
6.0 
6.0 
5.0 
0.0 
0.0 
6.0 
6.0 
6.0 
6.0 
4.0 
0.0 
0.0 
6.0 
6.0 
6.0 
6.0 
4.0 
0.0 
0.0 
5.0 
5.0 
7.0 
7.0 
5.0 
0.0 
0.0 
5.0 
5.0 
7.0 
7.0 
5.0 
0.0 
0.0 
6.0 
6.0 
6.0 
6.0 
4.0 
0.0 
0.0 
5.0 
5.0 
6.0 
6.0 
5.0 
0.0 
0.0 
5.0 
5.0 
7.0 
7.0 
5.0 
0.0 
0.0 
6.0 
6.0 
7.0 
7.0 
4.0 
0.0 
0.0 
5.0 
5.0 
6.0 
6.0 
5.0 
0.0 
0.0 
6.0 
6.0 
6.0 
6.0 
4.0 
0.0 
0.0 
5.0 
5.0 
6.0 
6.0 
5.0 
0.0 
0.0 
6.0 
6.0 
6.0 
6.0 
4.0 
0.0 
0.0 
6.0 
6.0 
6.0 
6.0 
5.0 
0.0 
0.0 
5.0 
5.0 
6.0 
6.0 
5.0 
0.0 
0.0 
6.0 
6.0 
7.0 
7.0 
4.0 
0.0 
0.0 
5.0 
5.0 
6.0 
6.0 
5.0 
0.0 
0.0 
5.0 
5.0 
6.0 
6.0 
5.0 
0.0 
0.0 
6.0 
6.0 
7.0 
7.0 
4.0 
0.0 
0.0 
6.0 
6.0 
6.0 
6.0 
4.0 
0.0 
0.0 
5.0 
5.0 
6.0 
6.0 
6.0 
0.0 
0.0 
5.0 
5.0 
7.0 
7.0 
5.0 
0.0 
0.0 
6.0 
6.0 
7.0 
7.0 
5.0 
0.0 
0.0 
5.0 
5.0 
6.0 
6.0 
5.0 
0.0 
0.0 
6.0 
6.0 
6.0 
6.0 
6.0 
0.0 
0.0 
5.0 
5.0 
7.0 
7.0 
5.0 
0.0 
0.0 
5.0 
5.0 
6.0 
6.0 
5.0 
0.0 
0.0 
5.0 
5.0 
7.0 
7.0 
5.0 
0.0 
0.0 
5.0 
5.0 
6.0 
6.0 
5.0 
0.0 
0.0 
5.0 
5.0 
7.0 
7.0 
5.0 
0.0 
0.0 
6.0 
6.0 
7.0 
7.0 
5.0 
0.0 
0.0 
5.0 
5.0 
7.0 
7.0 
5.0 
0.0 
0.0 
5.0 
5.0 
7.0 
7.0 
5.0 
0.0 
0.0 
6.0 
6.0 
6.0 
6.0 
5.0 
0.0 
0.0 
5.0 
5.0 
6.0 
6.0 
5.0 
0.0 
0.0 
5.0 
5.0 
7.0 
7.0 
5.0 
0.0 
0.0 
6.0 
6.0 
7.0 
7.0 
6.0 
0.0 
0.0 
6.0 
6.0 
6.0 
6.0 
5.0 
0.0 
0.0 
5.0 
5.0 
7.0 
7.0 
5.0 
0.0 
0.0 
5.0 
5.0 
6.0 
6.0 
5.0 
0.0 
0.0 
5.0 
5.0 
6.0 
6.0 
5.0 
0.0 
0.0 
5.0 
5.0 
7.0 
7.0 
5.0 
0.0 
0.0 
5.0 
5.0 
6.0 
6.0 
5.0 
0.0 
0.0 
5.0 
5.0 
6.0 
6.0 
5.0 
0.0 
0.0 
6.0 
6.0 
6.0 
6.0 
4.0 
0.0 
0.0 
5.0 
5.0 
6.0 
6.0 
5.0 
