430 1 real
161.70953400162708 
130.03053792615475 
122.36524407282498 
141.29954892796724 
210.31922762751836 
121.38087187203685 
167.8994096675458 
147.60654275703757 
167.47029013652116 
121.49490831888224 
145.3082757619241 
146.89143257635712 
125.066311477777 
128.02739170686493 
126.07472051519701 
131.5202867079803 
105.24135521832123 
107.246891566503 
113.20991209125445 
101.53196950033467 
105.30531723243277 
90.08060681947924 
97.27850328330385 
74.24274636480905 
101.42237963312925 
108.57042510441008 
100.98614517532053 
104.87549449049695 
90.05073062661072 
97.25527354718989 
74.23998319461836 
101.42228725271711 
108.57035149197397 
100.98613699641463 
104.87548823535016 
90.050730275283 
97.2552732751523 
74.23998316042423 
101.4222872511622 
108.57035149072168 
100.9861369962576 
104.87548823522792 
90.05073027527449 
97.25527327514561 
74.2399831604232 
101.42228725116213 
108.57035149072162 
100.9861369962576 
104.87548823522792 
90.05073027527449 
97.25527327514561 
74.2399831604232 
101.42228725116213 
108.57035149072162 
100.9861369962576 
104.87548823522792 
90.05073027527449 
97.25527327514561 
74.2399831604232 
101.42228725116213 
108.57035149072162 
100.9861369962576 
104.87548823522792 
90.05073027527449 
97.25527327514561 
74.2399831604232 
101.42228725116213 
108.57035149072162 
100.9861369962576 
104.87548823522792 
90.05073027527449 
97.25527327514561 
74.2399831604232 
101.42228725116213 
108.57035149072162 
100.9861369962576 
104.87548823522792 
90.05073027527449 
97.25527327514561 
74.2399831604232 
97.85380037181143 
107.25748998464304 
116.91798971372084 
115.36522088646724 
104.6998595923746 
122.25763372847825 
110.82949074568346 
157.77715281816384 
174.41427699273282 
151.08780630513724 
140.25693447106391 
141.93785728805497 
162.61366920133563 
140.54471181422156 
145.7681246672232 
155.30873752815234 
159.25688429729402 
159.1503051677079 
118.69744686725979 
114.07064812599869 
90.16326291139177 
158.4417625755935 
174.9445958932265 
148.4277198940509 
135.00928160842855 
110.98899830604485 
119.8558409929087 
132.3324531056511 
143.78852596017614 
151.8943000619212 
141.99215880865395 
133.77216108503853 
120.81182865223813 
122.8869901534525 
100.54365403563253 
141.37334050635934 
148.19535877315096 
138.16335407484678 
128.06053265122884 
107.56293511476588 
108.57171624477645 
93.661926844633 
148.04739227170435 
158.63362202162892 
142.6092202518199 
131.1758573941194 
106.7810698722083 
107.26267253609122 
92.3895867105847 
156.27764474494555 
171.57051979415476 
151.89968423431296 
142.47721090666442 
135.6607694725986 
143.28638463938972 
104.69887552175906 
151.96340143724208 
165.11001195932465 
150.8756025588794 
142.83135924342645 
126.99544734180924 
129.4012170165733 
97.50569530124059 
142.60223858495092 
150.21356849953068 
138.73686610889268 
128.16036894567333 
109.52319505463882 
111.82751952890533 
96.59229039006959 
139.6468982860327 
145.4139713943981 
154.2913622092075 
155.32114713421828 
128.96322929176384 
129.97147241234754 
101.74445929383344 
151.9459492411973 
164.90352182983975 
150.55054931257325 
142.45061533145716 
124.40716575282751 
125.53257481484303 
95.15227324582062 
159.67786440912414 
177.05668214499968 
148.3864479746198 
134.32116180734292 
117.05195732876966 
122.66966259603434 
98.30889079678184 
139.80450663136003 
145.80661503879483 
155.31997260448918 
156.69854933675379 
132.5786007018569 
135.37070460857254 
104.61477516314359 
146.9630585299278 
157.10697853271458 
141.7351916449665 
130.30230196078182 
103.8277793248835 
102.70579389356283 
88.42382942444652 
139.34744365677193 
144.83962186911612 
155.40431953711328 
157.29334062250547 
119.20305708049817 
114.5989140493365 
90.47400458952593 
140.0506503040224 
145.976535742274 
138.34496192874525 
129.24570232946414 
104.46443903334462 
102.70608432750034 
87.71286691807981 
147.99805611490368 
158.48406349099457 
150.22464342316735 
143.0018607192313 
131.44113312279 
140.20690688515108 
108.97641895361743 
144.75335211990475 
153.711566779078 
160.1128530564313 
161.03717591466227 
125.82709343398982 
124.80278560025458 
98.16392839840917 
159.6338256175347 
176.93065953112477 
149.3480126437368 
135.81968915895268 
120.37870331575972 
127.06182238372244 
100.46522158297903 
144.61252860674134 
153.43818105004286 
151.9103912998753 
148.52831894954588 
131.37009941514702 
134.97179774679628 
105.14883775558334 
147.03090019382896 
157.21680381676126 
157.02115013979326 
155.05896919486753 
126.29130688296242 
126.43948615709604 
99.84097794159958 
150.75111371772977 
162.98975734894282 
144.38993164003008 
132.4301248924916 
104.16762584624236 
102.08764877904396 
82.29439464987432 
139.26889241451968 
144.75307930994106 
136.6302913225503 
127.06525671722108 
107.05256732565617 
107.74306212946796 
92.91215997695745 
139.69818658659523 
145.4457082414296 
155.3172291210836 
156.90253565182917 
135.00834068776706 
139.04297635983554 
106.29493878221979 
155.8268888577414 
171.0940589582083 
159.2656165591116 
153.91827495107 
130.70491762219623 
132.88611105875236 
98.29912796142361 
153.7898105632593 
167.86718863006215 
153.53239200975545 
144.87737226185808 
116.05645786333803 
115.94384180540978 
90.24769961830155 
146.4344614765702 
156.15970496629618 
158.55268280646322 
157.82536196028872 
127.47689752486617 
127.84985282378253 
100.49266406973658 
144.03770540851997 
152.41936650665363 
148.38561136594382 
142.30148657303556 
111.4025544737304 
109.03009294528394 
89.93894938890932 
158.55521102396946 
175.11792729636954 
150.6317314376408 
139.50092693901397 
129.41917350263415 
135.25096314602496 
101.83962421852338 
139.4777605698827 
145.35165355095702 
141.62220923985376 
135.64048821298798 
114.64196431816126 
111.7834266245279 
91.0207660534997 
157.75058900941198 
173.85688981960976 
159.07219310525272 
152.85779818557316 
132.51775105558212 
135.89631465786982 
100.06718953679953 
138.2380290724502 
143.3701286058927 
151.6449393258053 
151.99722474183025 
130.2932907206655 
132.35742451797125 
103.31866378342785 
151.66190933463517 
164.48179709024075 
157.68093519166226 
153.60326517129747 
126.03502570146561 
125.519021022364 
93.65206213953728 
159.76253717761978 
177.17475873701406 
149.07952192506437 
135.33638848787228 
116.8383485870723 
121.91125872737125 
97.56066602348733 
150.1587910306947 
162.13166149175376 
161.93990832807705 
160.92259373749516 
123.54084307320431 
120.61812541185328 
89.58230947955362 
157.46263019333202 
173.51098561039117 
162.89457569431576 
158.80293213599455 
132.40148926073817 
134.89583775110233 
99.08320930055783 
146.87965187500723 
157.00287143058563 
142.85485591081746 
132.04567005157773 
116.89765672559477 
122.24666917376165 
103.34931011739225 
143.5392298437683 
151.66672597676467 
158.3227050644433 
159.0854117119612 
130.4540590922358 
132.0743419958037 
102.82240802505792 
150.78320425252772 
163.09418086378 
161.33649488488155 
159.6820384937878 
120.84402787194125 
116.65890317528357 
86.77536010076365 
149.06112311635874 
160.25802185325367 
150.3022897878515 
142.47045200405532 
109.31491231939039 
105.68095325293537 
82.17179293161558 
145.05416201313142 
153.88801328495484 
141.12132954356179 
130.55376207765477 
118.06556782757669 
124.28276021773561 
104.68312400089266 
157.79310346403548 
174.13236240904516 
165.0602652029928 
161.90697860627728 
132.85095137635548 
135.20117179244167 
99.0348315754798 
140.05672909586417 
146.2335487852582 
139.94740088372112 
132.67751275556233 
123.72306821987384 
127.10649557375073 
103.04178417906529 
139.17026983725032 
144.75475436973142 
149.7785834845596 
148.59459054385883 
118.71343426975456 
115.00473987820989 
91.61921637582327 
159.45647981018382 
176.5506181516425 
166.48360776772097 
163.42918353201907 
129.7575747305397 
130.3545132963837 
96.15683768753114 
146.9228196096806 
157.02378279356242 
152.19797886947526 
147.69324501936228 
135.73510332108833 
141.94925741006418 
108.12246605331215 
147.6645227053676 
158.27949091060626 
147.1110750533768 
139.32679131723992 
120.12644165187437 
120.40627283953773 
97.87113920638646 
138.40098164988495 
143.45963759809757 
135.64647750916507 
126.0299790830778 
103.76973091212918 
102.75056324231342 
88.61155638415704 
147.18864097209502 
157.2187840332411 
160.80993153699296 
160.95576721528647 
136.7499470753486 
141.71481813698406 
107.32894774266111 
