430 1 real
132.19002707025956 
130.0310551603005 
130.02838679368097 
130.0357131766252 
130.02940002054183 
130.03517991760415 
130.04089645231167 
130.03689098874892 
130.03250059995116 
130.0316673227525 
130.03090930699537 
129.42377199870896 
108.0519258986253 
105.81153130354615 
103.14357004333425 
105.23088972431394 
104.0263289148986 
90.97316713944763 
89.74328288890673 
87.7747126547148 
83.4644721332885 
70.9248749532529 
70.18976139325306 
76.54053856265254 
82.9667504953596 
82.81101747956467 
86.87970134309936 
82.76436673166059 
70.87690766202844 
70.1514316120589 
76.53597941952562 
82.96661618306722 
82.81090412994125 
86.87968711881436 
82.76435590877321 
70.87690708877663 
70.15143115824554 
76.53597936476783 
82.96661618085838 
82.8109041280554 
86.87968711855163 
82.76435590856931 
70.87690708876333 
70.1514311582348 
76.53597936476633 
82.96661618085832 
82.81090412805533 
86.87968711855163 
82.76435590856931 
70.87690708876333 
70.1514311582348 
76.53597936476633 
82.96661618085832 
82.81090412805533 
86.87968711855163 
82.76435590856931 
70.87690708876333 
70.1514311582348 
76.53597936476633 
82.96661618085832 
82.81090412805533 
86.87968711855163 
82.76435590856931 
70.87690708876333 
70.1514311582348 
76.53597936476633 
82.96661618085832 
82.81090412805533 
86.87968711855163 
82.76435590856931 
70.87690708876333 
70.1514311582348 
76.53597936476633 
82.96661618085832 
82.81090412805533 
86.87968711855163 
82.76435590856931 
70.87690708876333 
70.1514311582348 
76.53597936476633 
82.96661618085832 
83.15673532425927 
110.73522252892411 
108.03774669802546 
76.02082010812158 
75.4572867687207 
117.38894150434953 
128.79140961687403 
129.09573552497653 
158.61162530382225 
150.80107823927446 
104.73640396663066 
107.72286555474007 
151.32139689133695 
129.30859895891214 
129.42337918007465 
147.56390413260456 
142.86025004377836 
113.40098815790444 
114.55470936055043 
86.91258481640881 
129.74439956675786 
129.89667857254443 
158.66471417371724 
150.71384695016977 
95.3592358400778 
98.53052601955547 
133.36365619942902 
129.8484239756092 
129.877067689451 
145.26987994146165 
141.1550596862291 
104.67133139141193 
107.23811795865768 
98.4034139561951 
129.54171913744702 
129.69256151908087 
142.94467088576562 
139.3245054407107 
95.44928825139723 
98.24092105371933 
90.51440651851425 
129.69079881180048 
129.8358405921843 
149.48507872682742 
144.15922435623887 
95.54477891588363 
98.28929067505054 
89.07591351080842 
129.71268657803088 
129.85864173285933 
156.88025427247416 
149.57227746797082 
106.5117111114919 
108.7857891415 
104.50750040988308 
129.14144307605594 
129.35589837043116 
153.43671604472718 
147.13372942923175 
107.61403272906838 
109.78607264003587 
96.30997669352155 
129.37495616153583 
129.57046057452374 
144.30213306075078 
140.3422518860053 
95.09119872634517 
97.89872420695924 
93.83102901291555 
129.62907980826876 
129.7751334518849 
141.07158262657822 
138.02032839168538 
113.43654901944474 
114.62498290099055 
99.94732651062094 
129.47420751434294 
129.63482180112487 
153.23441801099085 
146.98284772594147 
107.46868682531507 
109.66033275907655 
93.65031803588944 
129.4365685113541 
129.6299537463163 
159.83040114934428 
151.53146911157856 
94.55586754016628 
97.21911103964051 
97.03960956861062 
129.35495980784162 
129.55037255623714 
141.40901069131672 
138.2796077454529 
113.67530998874085 
114.80345987309882 
103.18725598023062 
129.38317937400944 
129.55288276415624 
148.64166014513947 
143.54691788571398 
95.20570713139635 
97.97819978352157 
84.5027304819131 
129.7801838429962 
129.9305062430824 
140.6372200180027 
137.69095192921782 
113.89568055887604 
114.9749692563158 
87.26730893922412 
129.7394151165477 
129.89126446766923 
141.4132783615782 
138.17241369999329 
96.74544108604462 
99.45997017193392 
83.71784253409267 
129.79456407185447 
129.94587565941742 
149.36273007538603 
144.06900527304947 
102.82563320654296 
105.10540646535924 
108.59256954014394 
129.22595392135077 
129.41310430604665 
146.5787987050332 
142.13851150800875 
113.90315430642923 
114.94146153994656 
95.96952015372854 
129.56516492438146 
129.7199271444876 
159.73872154085447 
151.464775558351 
95.57180633595787 
98.16745831673695 
99.49128378774434 
129.29138151022337 
129.49118276182014 
146.38508934911226 
141.99528342087476 
111.26093406962214 
112.93570038718165 
103.72751651492851 
129.37965023724163 
129.548481577818 
148.70986660985923 
143.70366266071608 
112.4069363734837 
113.79299779338578 
97.80305210597325 
129.52996022567783 
129.68576142155237 
152.11420101162972 
146.06835933332573 
95.58574741901647 
98.23164998268881 
78.67997628046726 
129.64724404591485 
129.8668895042352 
140.60295805782093 
137.56423917234574 
95.51727485189082 
98.31906178766643 
89.65717268301118 
129.7062434176899 
129.85127970929355 
141.06932027269278 
138.01779328705473 
113.76120573813203 
114.87051319417266 
105.13160444196394 
129.32372037791774 
129.50011265833518 
156.7236346274313 
149.46721806688845 
111.13372863141673 
112.67862016969875 
97.2884615345054 
129.33579517392596 
129.53588165948827 
154.94170475069768 
148.09743735380545 
102.35842381789621 
104.55028777152334 
88.06482305280113 
129.52749683403928 
129.72607265254953 
148.01150160520572 
143.1911714657562 
113.08186248457531 
114.3106343842798 
98.55186251514779 
129.50809335342203 
129.66606281953216 
145.68388159616921 
141.36614900875276 
103.42748458725629 
105.69198298474443 
86.48708124791865 
129.75395045495466 
129.90412903341993 
158.75295631124112 
150.88481381806082 
104.24623375359668 
106.6695809708079 
101.14815328390691 
129.252018551548 
129.45493648046957 
141.13409882091787 
138.07370064079439 
107.06412848201262 
109.45986774740807 
87.70304300846772 
129.7556113343511 
129.90075888559682 
158.09054634106698 
150.42154124174795 
110.72080520524942 
112.35281992968737 
99.27448959842553 
129.28479017381358 
129.48791700976457 
139.78370517884878 
137.05245936464354 
112.90314716693823 
114.22943789500655 
101.6921196205738 
129.43144395080432 
129.59557578649307 
153.0037735497991 
146.81782321597888 
111.54054661690766 
113.01592033470666 
92.04351655647541 
129.45580588514116 
129.65251850166715 
159.88490825180747 
151.5693215400137 
95.2139080363934 
97.83262541847535 
96.2109754165304 
129.37358543523035 
129.56834139099152 
151.65011008210178 
145.84435049631372 
113.26657425077109 
114.33768626077593 
87.46319829259711 
129.53112310170826 
129.73360920043845 
157.95781052764133 
150.33332648896365 
112.05517040427124 
113.37303535172491 
98.20357502958188 
129.30571023296227 
129.50859541983047 
148.59464488201348 
143.51481092016468 
96.39259788556824 
99.08648107075342 
101.44162313769888 
129.45435580461591 
129.61323188792093 
145.21964099547301 
141.12807416888936 
113.68174295146127 
114.7831315756998 
101.17326708781627 
129.43785212904191 
129.60223251616623 
152.19955887553107 
146.23902273245284 
112.94475351807236 
114.08983765316172 
84.23512977187568 
129.58156252050952 
129.78973099759847 
150.4784099752928 
144.88576905061305 
102.23480020081934 
104.46171411439771 
78.72799488373951 
129.64718901978753 
129.86939984539472 
146.5548204603711 
142.010942459809 
96.03217028731353 
98.76302380542796 
102.92532115674756 
129.4161843008396 
129.57875224157488 
158.32481254454433 
150.58967041786485 
112.6589820889112 
113.82944246436983 
98.16896956734216 
129.3025389254139 
129.50625397905017 
141.70882784178627 
138.50633738904844 
105.08676614518937 
107.64977881982236 
101.19935170151601 
129.4720147418906 
129.62889646435275 
140.67359794092232 
137.72180028022 
112.04060251195521 
113.56811451136802 
88.50786328882167 
129.72801272202508 
129.8765816782147 
159.50147054186678 
151.4073203553109 
112.83279825272623 
113.95295522698974 
94.93222598994504 
129.3811427678888 
129.5813796531536 
148.58582144050126 
143.61426331509912 
110.75376478194293 
112.5304893560806 
107.3266382995613 
129.26733337138486 
129.44935265441947 
149.38667812482566 
144.20029569341486 
106.80092487585583 
109.17710169363558 
95.46282322217675 
129.60334405155368 
129.75115685302114 
139.75702708539407 
136.92252364212777 
95.05754152176787 
97.89502311640737 
84.69935754508566 
129.78046079989497 
129.92974770725826 
148.59751344587153 
143.61642438088722 
113.64663448150473 
114.7342887815346 
106.39713424369948 
