HighCarbIm_Fm1,CarbCountingInsulinIm_Fm1,VeryLowCarbIm_Fm1,LowCarbIm_Fm1,NormalCarbIm_Fm1,SlidingScaleInsulinIm_Fm1,
0.0,0.0,0.0,0.0,0.0,0.0,
-17.158726047988004,-3.2382360849851226,3.926675948802341,1.41225963274643,-3.812604229629323,-3.2382360849851226,
-33.9586912342903,-6.748131686285438,7.940576943635945,4.401580051544503,-6.860997999923875,-6.748131686285438,
-52.24419910185037,-10.487998266032058,11.529755968295456,5.606341662880197,-11.472133006313406,-10.487998266032058,
-71.93380365181149,-14.41205133110805,14.57822258262707,4.52837271896847,-17.658800080593892,-14.41205133110805,
-90.7289699012681,-18.474537585084043,17.98555873041342,6.012463862844667,-22.520953564219433,-18.474537585084043,
-110.27138827661113,-22.633892709028764,21.09639331847466,6.358918411023482,-28.22112435846319,-22.633892709028764,
-129.49867202544996,-26.855818064294112,24.336445615695926,7.623149531539458,-33.43883002131961,-26.855818064294112,
-150.87522900966977,-31.11409693634523,26.58546921970361,3.9777120636709977,-41.43404243120986,-31.11409693634523,
-172.16034004308463,-35.38999410113827,28.881569628401262,0.6689621995939037,-49.28357483942598,-35.38999410113827,
-192.48305818676704,-39.670984095006794,31.647723700077112,-0.20145619085793776,-55.848355200926385,-39.670984095006794,
-212.8887067706381,-43.94917159540778,34.37526442702792,-1.2824404027069116,-62.52574246846467,-43.94917159540778,
-232.52342690843116,-48.21988405545986,37.44713524720104,-0.6542016298231337,-68.20701085952138,-151.11394145496777,
-252.00903708067662,-52.48084923302823,40.58170157351546,0.24513893792156383,-73.70810287046275,-258.27871131452775,
-273.232981585299,-56.731454692097614,42.909064691501186,-3.0368398781139256,-81.50830798223107,-365.44348117408776,
-293.50427878068837,-52.5502150399268,45.69897498174812,-3.977317092854149,-88.05642957673734,-472.6082510336478,
-313.58186535169534,-48.367376283461994,48.577084758459726,-4.505392788017762,-94.36182387550754,-579.7730208932078,
-334.2885338180641,-44.50059294208054,51.16140594725681,-5.601018497771718,-101.25016014488547,-686.9377907527678,
-356.675306393815,-40.76484628417747,52.86449486639596,-10.421212788283626,-110.23937953362271,-794.1025606123278,
-378.6782394485656,-36.95223430506224,54.78046408579883,-13.974793418687856,-118.65295046526305,-901.2673304718878,
-401.15850732681594,-32.978453372461836,56.43072714847055,-18.839349961118707,-127.71914407816534,-1008.4321003314478,
-423.2238790567137,-28.90017775832958,58.31251114823474,-22.762409520214675,-136.2663601803021,-1013.1619086697276,
-444.237469211685,-24.77581354037066,60.74598638351247,-24.24758101930654,-143.46883191877376,-1120.3266785292876,
-466.17130550400856,-20.633286882464553,62.69958195018587,-28.40207026454762,-151.97872283193178,-1227.4914483888476,
-486.0237799489606,-16.478942513496506,65.6775741854098,-30.422954704427845,-158.5173207983519,-1334.6562182484076,
-504.59245982488875,-12.675399438526028,69.16783867646593,-29.400735477470484,-163.3701780761732,-1441.8209881079677,
-523.396552246276,-8.980014968915317,72.57183846149846,-28.193719074737853,-168.32370892229895,-1548.9857579675277,
-542.4455364556937,-5.163229796194666,75.88232946134572,-26.626353341710132,-173.32790516944155,-1554.627238289083,
-563.761970060357,-1.1515824578549037,78.16235032699335,-29.814980489026283,-181.17006123211198,-1559.6200388248558,
-583.3404183486477,2.97721627683692,81.2580348225275,-28.949078319281398,-186.74347704793962,-1564.1264759429157,
-604.0009227890032,7.154452904620378,83.86462773834667,-30.88203033133294,-193.81664168138076,-1568.3891137119886,
-625.1300632126593,11.348320260245291,86.2400846229115,-34.34797385751791,-201.59515325960106,-1572.5583138111842,
-644.8565372928472,15.54914856964392,89.27273109477014,-34.54978691048879,-207.5728783748357,-1576.6864458933726,
-664.0601852796184,19.75371561877146,92.5222333376598,-33.71286306508555,-212.9034738678004,-1580.7919780933773,
-684.9999515975805,23.959660306612204,94.9924272767759,-37.06363593365957,-220.52177986201667,-1687.9567479529373,
-705.7950533510528,28.165385847919506,97.53377710086362,-40.02746393614449,-227.94508821159664,-1795.1215178124974,
-723.2807250506821,32.37046184640494,101.37217182993922,-38.06561928064531,-231.79740606938685,-1902.2862876720574,
-741.5710334185794,36.27710117490188,104.95971904931044,-37.49483189368576,-236.59666903772552,-2009.4510575316174,
-761.2939894556116,40.07355970721117,107.99387844547076,-39.26069456100203,-242.9824316533481,-2116.6158273911774,
-780.673982920181,43.961452960209755,111.17205721119967,-38.99273638710973,-248.59537218073783,-2223.780597250737,
-801.9142250692005,48.01080324245262,113.49110827039217,-42.56464633366868,-256.47726641507285,-2330.945367110297,
-823.1055716653111,52.1579603805679,115.83505791379206,-45.91074802833938,-264.270256994386,-2335.3635631491975,
-844.4083925096667,56.34485449171198,118.12207276932489,-49.78190950793583,-272.2679734606394,-2339.57269455707,
-863.6134406147505,60.54439940988418,121.37101617495007,-48.82205931923437,-277.5630489902537,-2343.708494633346,
-882.0638110507723,64.74862982353062,124.90326062172322,-46.541705637556895,-281.9355425284783,-2347.816078072017,
-902.5809310910766,68.95511656832531,127.57832098667292,-48.81467835262064,-288.9951650293539,-2351.909849207027,
-921.066699786115,73.16202095066514,131.09810254132933,-46.65267197456842,-293.4318025047758,-2356.0010471182045,
-940.3880887220303,77.36812080171636,134.30019287851695,-46.10389232509309,-298.925302544542,-2360.097197373185,
-959.0294016425876,81.57270371261944,137.76422677527944,-44.16864728950831,-303.54054463156774,-2364.202632840418,
-979.2557390938659,85.77542626065367,140.57479082412397,-45.60220437524154,-310.18664987639085,-2368.3193641444627,
-999.418462136124,89.97619443490542,143.41439000256267,-46.82380651313555,-316.7341540452156,-2372.4478565270992,
-1019.9787111436854,94.17507086447323,146.0689691153418,-48.970661726886284,-323.7920033271438,-2376.5876330150445,
-1040.9429275514801,98.37220186343644,148.5270322835128,-52.10346945990986,-331.37441479798855,-2380.7377359402576,
-1060.043502996574,102.56772119893239,151.81734361824192,-50.835998697017814,-336.506644262631,-2384.89730337275,
-1080.9237978106603,106.76137941081016,154.31691819502782,-53.643052590662286,-343.9507618578437,-2389.0677181145466,
-1100.3555446380035,110.9533185432472,157.4738094659755,-52.96900152207685,-349.48208875814794,-2393.248075953672,
-1120.6314702515083,115.14461406766284,160.2615873080352,-54.193407546260914,-356.1079836780432,-2397.4321379116327,
-1140.468669174089,119.33563604126705,163.24625380260346,-54.383854074955956,-362.15773354307726,-2401.617771207018,
-1161.739248513198,123.52643917973202,165.54979795566769,-58.13135834340902,-370.10317260526557,-2405.804660253332,
-1183.099193502172,127.71700465550502,167.80740345716728,-62.11149976332865,-378.1670670551637,-2409.992911797638,
-1203.1032752350104,131.90731243577096,170.71843954218508,-62.665552536597424,-384.4293343157824,-2517.157681657198,
-1224.326273781548,136.09735774679572,173.04628471596087,-66.26260495659338,-392.30521315778367,-2624.3224515167576,
-1245.4766542310158,140.28715108349732,175.4110049841695,-69.65916752963211,-400.08178738627515,-2731.4872213763174,
-1264.3141411831377,144.47671390965186,178.80247751921885,-67.7579413865592,-404.83763143261183,-2838.651991235877,
-1282.3950494888898,148.66665097443584,182.45973203175183,-66.59771521349542,-409.3273999532372,-2945.816761095437,
-1300.7279117353385,152.53767889273718,186.032745589563,-65.79646331828161,-414.08883282627676,-3052.9815309549967,
-1320.8776561791556,156.29184398237413,188.87824128901335,-68.26208780017855,-420.94249553870685,-3160.1463008145565,
-1341.1209163322803,160.1460212055187,191.6810442244865,-69.67926855183164,-427.5959968319351,-3267.3110706741163,
-1362.05559504503,164.17519216253635,194.15375856908162,-72.14279932871376,-434.9928035774571,-3374.475840533676,
-1382.4597809660852,168.31080575932194,196.88198351986227,-73.24989647453314,-441.67605527657514,-3378.95003604401,
-1402.3934005895771,172.49024666693734,199.8242996557991,-73.50012580270672,-447.8077493352001,-3486.11480590357,
-1421.2861859938457,176.68430367676712,203.19487163364303,-71.79758576614066,-452.66509461417434,-3593.2795757631297,
-1439.4235570816993,180.88486664839994,206.8336288436426,-71.00959953221847,-457.30113970173437,-3700.4443456226895,
-1456.4912094238068,185.06089778918215,210.78342019198075,-68.69899246751825,-460.7682550929322,-3807.6091154822493,
-1475.1364725798708,189.24143227230743,214.2460175909599,-69.29282788095536,-466.12168945725597,-3914.773885341809,
-1494.398178719859,193.44011059544212,217.47224631225453,-70.37205250749042,-472.0177484058476,-3918.9148379385447,
-1513.3157011125686,197.65888324206293,220.83340581749803,-70.03102518501518,-477.2996222340452,-3922.930556623484,
-1531.5085248227592,201.89014247910794,224.45378120180322,-68.06272254660321,-481.6097045032954,-3926.8611534797933,
-1551.0383990099954,206.1262067461165,227.56987253450254,-68.91416611983408,-487.6283757315133,-3930.75710842782,
-1569.2639643101659,210.36212618437884,231.17929483787273,-66.98513071027241,-491.972819341341,-3934.6541248115027,
-1589.069776736784,214.5954174306094,234.17763317476366,-68.38322952075626,-498.32162723820784,-3938.570213375056,
-1608.0790832239238,218.82477305751127,237.50353114212902,-67.82310942901259,-503.6026736771119,-3942.5142227877423,
-1626.6711572131503,223.04944992438442,240.98538495011613,-66.28181108478576,-508.3125883091671,-4049.678992647302,
-1647.108706648049,227.26916045176836,243.6979742876489,-68.78675309247933,-515.3748433047516,-4156.843762506862,
-1665.1358069045511,231.48444868672544,247.37264903786433,-68.15257739208839,-519.9820680210033,-4264.008532366422,
-1684.1736784026036,235.4232758227461,250.68746504411646,-69.58837966108632,-525.8176649350746,-4371.173302225981,
-1702.6640419369849,239.25438054363715,254.2056227382041,-68.73827891386519,-530.6692384286738,-4478.338072085541,
-1722.1340448183892,243.1665846233486,257.3466756122593,-68.82154427354413,-536.4407505522233,-4585.502841945101,
-1743.2685943415456,247.2273536397601,259.719400361926,-72.23592818530616,-544.210568742877,-4692.667611804661,
-1762.7002107895403,251.3788496181277,262.8763454622905,-71.4437305007149,-549.7071650592846,-4697.064275390624,
-1781.7626662926575,255.56726507926157,266.1815831903259,-70.04947716116449,-554.7747920959285,-4701.264792360767,
-1802.7764650753913,259.7672648747078,268.6149542710075,-73.40341575536623,-562.4455614945629,-4705.39787977224,
-1822.2907499783264,263.9714281527121,271.7375654926015,-73.22158538049703,-568.1732731548202,-4709.50587189836,
-1840.9404964990345,268.1775358446222,275.198531286794,-71.33593370143929,-572.8104626518553,-4713.601973982156,
-1860.6119575256566,272.38389167660165,278.2547541387541,-71.56634444196102,-578.758716287249,-4717.696550639732,
-1880.1616850569862,276.589371843857,281.3625214934978,-71.49880069175103,-584.5423283175878,-4721.796502200531,
-1900.9820955716448,280.7933238113264,283.8914995273299,-74.47147638520481,-591.985417004872,-4725.9057798253225,
-1920.0507069725375,284.9954404613384,287.1943329388459,-73.29733465440054,-597.1248814035695,-4730.026168741382,
-1939.9857804372807,289.1956483560206,290.1360064916688,-73.96214311814049,-603.3698302708249,-4734.158013278371,
-1960.9932478068458,293.39402074275324,292.5725374766654,-77.24768335018703,-611.0195886997979,-4738.300780089902,
-1979.7036386941206,297.59070898687224,296.0113046324874,-75.2658355640034,-615.6647866433212,-4742.453489771286,
-1999.3705477542437,301.7858549792014,299.0694704258703,-75.18224078454918,-621.5231508732039,-4746.615240177696,
-2019.6395981724188,305.9792609391834,301.8604154537559,-76.44934200386791,-628.1554506742084,-4750.787118478978,
-2040.113766166027,310.1710268261713,304.55577554725744,-78.17145928377887,-635.0462208042496,-4754.968474369352,
-2060.9197196016466,314.36215993079435,307.09182470424474,-80.711028599304,-642.3724973520175,-4759.153469519133,
-2079.7516614086708,318.553020317034,310.4853823227746,-78.82686116057336,-647.1303244602676,-4763.340030168421,
-2098.4912144339282,322.74366749732667,313.9133897749103,-76.7712912664301,-651.7699172163932,-4767.527813459827,
-2119.598813425066,326.9340888660721,316.2997129066315,-80.07401748137693,-659.4938053898371,-4771.716890502947,
-2138.839172138751,331.1242687162273,319.5345229742336,-78.9624477845969,-664.7668696398398,-4878.881660362506,
-2159.4514493396046,335.31420432595064,322.16426483474663,-80.97579986353341,-671.8270495298756,-4986.046430222066,
-2178.883293045264,339.50390639384153,325.32111610711405,-80.24767256626394,-677.3426303892993,-5093.211200081626,
-2199.2397507767546,343.6933953164095,328.071605179358,-81.6166109127954,-684.0614394793113,-5200.375969941186,
-2217.7966708677045,347.88327459753606,331.56608394075414,-81.46504023791398,-689.1551403358525,-5307.5407398007455,
-2237.234027242887,351.9981303357547,334.72065825123883,-83.92789017982578,-695.5184140861081,-5414.705509660305,
-2255.1069327115056,356.0977985529861,338.4441202549452,-82.28023887523617,-699.7228054353031,-5521.870279519865,
-2273.417241947093,360.22809266339164,342.02485180293723,-80.62354833463287,-704.2107444073583,-5629.035049379425,
-2291.834264302343,364.40330123785395,345.5687606731636,-78.66101431054659,-708.6695557813365,-5736.199819238985,
-2310.886521470681,368.60776309901576,348.877976387818,-77.81548965497188,-713.896398025778,-5740.305992740476,
-2330.124392648875,372.82515650515336,352.11378460204617,-77.43759399051916,-719.382650934164,-5847.470762600035,
-2349.649152037853,377.04616828503435,355.2320166713992,-77.76448112347234,-725.2577811453918,-5954.635532459595,
-2367.498152896119,381.26746603523713,358.9628902874631,-76.92077705599554,-729.6878390918833,-6061.800302319155,
-2385.568646419076,385.34490797055474,362.62353240027943,-76.67919759759334,-734.4333981010311,-6168.965072178715,
-2403.913987875022,389.3751077599495,366.19226054877294,-76.28199995617005,-739.3180579434224,-6276.129842038275,
-2421.54845351437,393.44910328019205,369.98779729261776,-73.57122489347941,-743.0056115915859,-6280.877492142618,
-2441.0395591953984,397.5984714952565,373.12007619312897,-73.87267359538603,-748.8510534333219,-6285.284749768063,
-2460.4595171660944,401.7945527503591,376.2818306030958,-73.8098461313399,-754.5483579247285,-6289.441024908126,
-2480.0878777837825,406.00941055892713,379.3564019737432,-74.26783629096624,-760.5291642278057,-6293.482168056372,
-2500.5691749509024,410.22884326571017,382.0483994764498,-76.87560598448432,-767.6471173288053,-6297.493545065185,
-2521.3273295520908,414.44822191567636,384.60775148002915,-80.20374069043723,-775.133284515616,-6301.505278256572,
-2541.2759185345203,418.66607121570627,387.5434456189864,-81.42886651026862,-781.5350593247096,-6305.52704332616,
-2561.4564021109554,422.8814190438742,390.3749607414989,-83.14083554604964,-788.2210129116105,-6412.69181318572,
-2581.643370672215,427.0937289052046,393.20351978904085,-84.77182851470508,-794.8907682530946,-6519.85658304528,
-2599.1713203829377,431.303304460387,397.02990489783235,-82.99058682281836,-798.8285327195755,-6627.02135290484,
-2616.7182356432763,435.2918951550763,400.85085911712906,-81.18117809922677,-802.7696309529495,-6734.186122764399,
-2634.510328579255,439.20172182225156,404.59921144899556,-79.09909440608524,-806.7808666445413,-6841.350892623959,
-2653.5634701096355,443.1782757353084,407.9080824637392,-78.4734912211942,-812.0723962298129,-6948.515662483519,
-2672.7327586734805,447.27265699720857,411.17126113098703,-77.4653412601946,-817.3291326526652,-7055.680432343079,
-2692.8636624585665,451.43977430182235,414.0253001664373,-78.47021097231044,-823.7980885831997,-7059.997136197781,
-2712.169598312759,455.6369118254114,417.2336611126718,-77.75759328427682,-829.233695274247,-7064.147200670612,
-2730.5637568783154,459.8433199640938,420.7855241058773,-75.42689324239008,-833.5517670635951,-7068.241455540381,
-2749.532958784438,464.0525944383998,424.1268946308179,-74.23033963257055,-838.6182177748498,-7072.317949360491,
-2770.0894094452965,468.262665453629,426.78328144510084,-76.71834370544286,-845.7586072103658,-7076.389462087493,
-2789.8753476025586,472.4720451897995,429.790247856256,-77.2988101986755,-851.8794021576227,-7080.465298812874,
-2809.1011511452184,476.6798085269519,433.03089296480715,-76.59102453882018,-857.2626975232455,-7084.5511877432255,
-2829.2501718351396,480.8854615061178,435.8767172124809,-77.9240610693876,-863.8297474975087,-7088.650080376735,
-2850.274914865496,485.08882171977973,438.30462147825915,-81.4153854001519,-871.5413834062168,-7092.762951062308,
-2869.8282014727565,489.28991490113157,441.4108941554283,-81.23719168395495,-877.2964456399103,-7096.889494975111,
-2890.636262820864,493.4888948033175,443.9459129728273,-84.0207290370318,-884.6845182799981,-7101.02865675491,
-2910.080817523055,497.685979233947,447.09751134933293,-83.50206135135609,-890.2694861399,-7105.179034094833,
-2931.043105703079,501.8813701560049,449.55653228798144,-86.5757236860351,-897.8361170925515,-7109.339352772498,
-2950.4260107189266,506.0749635284453,452.7335177126941,-85.83929294748638,-903.3164028771058,-7113.510143861525,
-2970.3132924808447,510.26692940873073,455.69625226727476,-86.16851940627872,-909.4381906556678,-7117.690347544065,
-2990.444545143522,514.4581765276794,458.5501332809469,-87.04592750994536,-915.8737172864635,-7121.874687684395,
-3011.208221562159,518.649050079092,461.1067992761274,-89.46967234528107,-923.1418180471014,-7126.061172801735,
-3031.4318753736297,522.8396345056088,463.91859266715875,-90.54872877870515,-929.6938162034949,-7130.249315752453,
-3051.945586649402,527.0299466262676,466.59526762204786,-92.32710784550576,-936.6262299805478,-7134.4390182814295,
-3071.798361309409,531.2199947279063,469.57312855285124,-92.52741128849148,-942.6892681501347,-7241.603788140989,
-3091.0223553542055,535.4097931587149,472.81449816984275,-91.37401826856913,-947.9387011438986,-7348.768558000549,
-3112.254298225783,539.5993636376696,475.13778361187644,-94.98029484729265,-955.8230705862301,-7455.933327860109,
-3131.4682784900615,543.7887329216325,478.3831590504149,-93.79691875948919,-961.0566809885277,-7563.098097719669,
-3150.547083079432,547.9785082737368,481.6820061159781,-94.84900155527902,-966.8218048312949,-7670.262867579228,
-3169.008216124082,551.8361585918261,485.2104701513673,-94.28927844569783,-971.7375415796912,-7777.427637438788,
-3186.938005362231,555.571019107244,488.91613085720167,-91.88041949239525,-975.7257956070075,-7884.592407298348,
-3208.004136675054,559.4098830796755,491.3233070940518,-95.33244307266447,-983.4568742662567,-7991.757177157908,
-3228.0007179553277,563.431222338769,494.23768606174986,-95.47460269288695,-989.60162546361,-8098.921947017468,
-3249.045671415999,567.5633211487328,496.6554792164541,-98.12103589886046,-997.1206851246075,-8103.4128436568935,
-3268.111058859497,571.7409090993332,499.95957210690926,-96.51166810636563,-1002.1223813626875,-8210.577613516454,
-3288.0472693769107,575.9336891814334,502.9007430110449,-96.97495936819645,-1008.3138892199167,-8317.742383376015,
-3307.5806298098278,580.133292826952,506.0153743341391,-99.44374178695249,-1014.7443971587478,-8424.907153235576,
-3326.8311130571224,584.192650374271,509.24611794893747,-101.46246457106425,-1020.8706499943046,-8532.071923095136,
-3345.5332811360468,588.216824637283,512.6879090454314,-101.53240102176437,-1026.1220846752803,-8639.236692954697,
-3365.2042366148826,592.2905517288492,515.7443477425293,-102.81522994195082,-1032.3491292241854,-8643.985457100534,
-3384.450018804824,596.4403383464181,518.9769802827975,-102.48464894530818,-1037.854098311937,-8648.39063681581,
-3405.0444835604,600.6369751640408,521.6152414055442,-105.2443014001669,-1045.0879103323805,-8652.543648945457,
-3424.4200030405414,604.8528563634529,524.7952529070304,-105.15460469686037,-1050.7477705053225,-8656.578198539524,
-3444.944870864857,609.0738476777993,527.4666411898294,-107.92890408966908,-1057.9368973407916,-8660.57925811544,
-3463.9883859769966,613.2950817352097,530.779261694728,-107.20400403143026,-1063.193206163837,-8664.578702421677,
-3482.3009288683766,617.5148328183662,534.3592303927154,-105.02667574064307,-1067.5112279194698,-8668.587979402568,
-3502.203938536687,621.7319923442031,537.3150481594985,-106.12022362293631,-1073.8475822357173,-8775.752749262128,
-3522.0423742002363,625.9459537221707,540.2991747846942,-106.96079302539681,-1080.0733880345774,-8882.91751912169,
-3541.327611025363,630.1569855018699,543.5159124240809,-109.15563362992077,-1086.2668794056342,-8990.08228898125,
-3559.6170644368926,634.1922447565372,547.1037503786382,-109.00645006105088,-1091.1831224223695,-9097.24705884081,
-3577.9719231645063,638.1682130012383,550.6692031698107,-108.20837740940341,-1095.9600361390126,-9204.411828700371,
-3596.9027630799856,642.1976050151742,554.02527928902,-107.55112440542305,-1101.1606771931501,-9311.576598559932,
-3615.8857519806406,646.3199060193828,557.3613421066414,-106.37826469699917,-1106.2435054834693,-9418.741368419493,
-3635.982768338676,650.5002447706407,560.2306982436129,-107.53018428917038,-1112.7278119436012,-9422.98703343634,
-3655.118708913709,654.7047359102337,563.5070813713495,-106.6317006067923,-1117.9949298566416,-9427.09302846783,
-3675.624238943009,658.9163892407407,566.1876289403031,-109.0410413033993,-1125.0805231771353,-9431.15458606926,
-3696.592249986855,663.129716153196,568.6438067286897,-112.71553646804792,-1132.796561273883,-9435.205525081245,
-3715.462649571724,667.3428504344076,572.0228630834094,-111.41958197343392,-1137.7669545721787,-9439.257691060433,
-3736.0374353378497,671.5545266719911,574.6705168985444,-114.00708107743768,-1144.9446871278976,-9443.319103945441,
-3755.4005511053265,675.7639868595953,577.855603209728,-113.6384834960777,-1150.517781616094,-9447.394438219222,
-3773.951908459156,679.970868752391,581.3520722689731,-111.59206140208316,-1155.0367185307412,-9451.485774831202,
-3793.2980490648074,684.175092587295,584.5440887498198,-111.04682930551861,-1160.5478677194187,-9455.593398323666,
-3813.2359608442684,688.3767665678744,587.4845074534026,-111.75974839217623,-1166.8076016708524,-9459.716452973045,
-3833.032219711068,692.5761117695391,590.486996124195,-112.07978198036191,-1172.8650170020599,-9463.853442293568,
-3853.311100143368,696.7734017015985,593.2734119874134,-113.48187511333349,-1179.5390904314745,-9468.002608242976,
-3873.919489837658,700.9688897765973,595.9050145621953,-115.64843767653394,-1186.6352006426473,-9472.16235859446,
-3892.706934497628,705.1625593986299,599.3152327062419,-113.74229644851928,-1191.3563890276052,-9476.332707097572,
-3912.4633612939324,709.3546256745981,602.3349692350998,-113.77810023727321,-1197.308623089621,-9480.512332012479,
-3932.2025772902293,713.5459078444285,605.3621301138708,-113.7551762513865,-1203.2328664381519,-9484.69647072379,
-3952.1251612885585,717.7367390401652,608.3093200030213,-114.13517183613386,-1209.3924975029277,-9488.88319883169,
-3971.3748663926785,721.9272248642619,611.5403763754052,-113.04963404769398,-1214.6796865927893,-9493.07190671139,
-3990.3582877560693,726.1174066703785,614.8762725106433,-111.4337944731362,-1219.6249210267947,-9497.262354970266,
-4009.4272340514954,730.3073124183275,618.1789750544012,-109.97627456932376,-1224.6770815279115,-9604.427124829826,
-4029.213106635118,734.4969701142638,621.1859698958302,-110.01578875250034,-1230.6503072493806,-9711.591894689387,
-4048.336625270516,738.6864099471077,624.4672540887627,-108.65444280459137,-1235.7688100246173,-9818.756664548948,
-4067.1262484014956,742.8756632003839,627.8766595308649,-106.65999784472679,-1240.461992986092,-9925.921434408509,
-4084.2624220512535,747.0653396603697,631.8091202933476,-103.81027877776881,-1243.778016717499,-10033.08620426807,
-4102.512528758031,751.2143303977804,635.4102844289844,-103.54809085121077,-1248.636997090409,-10140.25097412763,
-4120.1983595909105,755.3599691303144,639.1906451691883,-101.70641448392415,-1252.6579295186805,-10247.41574398719,
-4138.716374733181,759.5275096038649,642.6990008726909,-100.65041260685761,-1257.4671836183181,-10354.580513846751,
-4157.923152406028,763.7238197514856,645.9472537803736,-100.48122714976745,-1262.991269086233,-10461.745283706312,
-4177.407890744712,767.9391120611733,649.0821828303382,-100.77757551278597,-1268.8310163656545,-10465.783631894916,
-4197.378860982568,772.1628730939148,652.0079526844853,-102.27844319709767,-1275.319236657946,-10572.948401754476,
-4216.758070830904,776.3885723383078,655.1864525397374,-102.41960575644562,-1281.045319246731,-10680.113171614037,
-4234.306419115124,780.61360750969,659.0069953133844,-101.06621015907845,-1285.128615666594,-10787.277941473598,
-4252.508978166366,784.7031493356212,662.6241216334894,-101.24230602109417,-1290.075234757612,-10894.442711333159,
-4271.341932103019,788.7471082183828,666.0172988179936,-102.06129017780235,-1295.6138523717775,-11001.60748119272,
-4291.122736435709,792.8313731079661,669.0264903182193,-103.91455665759406,-1302.0612534407928,-11006.312069361931,
-4311.429825811649,796.9861633881862,671.7998799136965,-106.26552262502125,-1308.9951316931106,-11010.692196205766,
-4329.703368268652,801.1848157620753,675.3931194253558,-103.97162671445133,-1313.2473721320475,-11014.833302779198,
-4348.633224027832,805.4010130072683,678.7495715871695,-102.94190466381757,-1318.3379461522918,-11018.865808708942,
-4368.086223420234,809.6212721384798,681.8976748262954,-103.08267240934534,-1324.113769203329,-11022.871726626703,
-4388.931601890075,813.8411918358305,684.4144156498767,-106.66151686920749,-1331.7211725190703,-11026.879889867585,
-4409.373330893437,818.0593819784475,687.1250420780448,-109.12529953504789,-1338.7761252977957,-11030.899426638494,
-4427.92979754696,822.2749293816553,690.6196831518247,-107.28752827389921,-1343.367612389027,-11138.064196498055,
-4446.91142281973,826.4873386651943,693.9562714701837,-106.1960161980624,-1348.4741272715612,-11245.228966357616,
-4464.366662857586,830.6969428970069,697.8032275712961,-104.28068370325104,-1352.3218474682296,-11352.393736217176,
-4482.432502649959,834.838063186022,701.4653809422798,-103.93085020919028,-1357.0344185876631,-11459.558506076737,
-4499.336395666554,838.9634172343306,705.4550781742934,-100.92831734008213,-1360.1432261238388,-11566.723275936298,
-4518.895191999616,843.1132670062153,708.5590355058978,-102.30901190209362,-1366.3189329845252,-11673.888045795858,
-4539.3242990041035,847.300832713298,711.2755869448678,-105.12420672708717,-1373.4516936895309,-11781.05281565542,
-4559.467310351319,851.5129438758315,714.1241380228906,-106.98872111691006,-1380.1505810358988,-11785.11147761501,
-4578.619218808644,855.7354640574627,717.3942070561453,-106.56974007939493,-1385.5674588743523,-11789.102325244881,
-4599.298617468197,859.9602131894827,719.9916978424424,-109.88255995805004,-1392.9950690564522,-11793.07811699578,
-4617.36941062032,864.1838918668448,723.652242601366,-107.38435636829175,-1397.0427854274133,-11797.061164618228,
-4636.139271995278,868.4050983225927,727.0690092077745,-106.09876394730175,-1401.949641290375,-11801.060792707749,
-4655.807456713698,872.6229701551969,730.1266306260064,-106.65999126135753,-1407.985229164663,-11805.082410599227,
-4676.168779449309,876.837091100319,732.8748558712649,-108.78401167505045,-1414.8998917468527,-11809.12827876442,
-4696.304767876083,881.0473859057618,735.7265911893439,-110.22689077020587,-1421.486371923275,-11813.198388412313,
-4715.288715594867,885.2540213242684,739.0622844376812,-108.99402705453416,-1426.5515617724197,-11817.291244114915,
-4734.671057741211,889.4573186379662,742.2395006021599,-108.50209224357174,-1432.1023697169844,-11821.404496131056,
-4753.469484425852,893.6576815232486,745.6456186797222,-106.76242064276146,-1436.8853094247029,-11825.535414218311,
-4773.480083582376,897.8555391797166,748.5537474573991,-107.53829513859246,-1443.2114151116352,-11829.681227802497,
-4793.801229604134,902.0512918984716,751.3206299575045,-108.99902882388552,-1449.9296895272516,-11833.839428819638,
-4812.53815515658,906.2451779582934,754.7496091011471,-107.00583809355774,-1454.588566218493,-11838.008520237687,
-4831.947232574266,910.4375301988914,757.9158445947393,-106.29408859319318,-1460.0936517462676,-11842.18649526482,
-4850.969086319778,914.628912415652,761.2368810618896,-104.77828635999127,-1465.0961701713677,-11846.37005886832,
-4870.602405224545,918.8196250402908,764.3093471137137,-104.50704809040683,-1470.879040835605,-11850.557466980308,
-4891.08295553163,923.0098340454534,767.0016970113638,-106.20039925069457,-1477.7668562876815,-11854.747759624754,
-4911.706959403246,927.1996503107038,769.6258212469393,-108.23971874839596,-1484.841710638223,-11858.940297567195,
-4930.468953182119,931.389157366516,773.045511502069,-106.20090540506914,-1489.5017478047482,-11966.105067426755,
-4951.810248911024,935.5784216485314,775.3127355507803,-110.09037802943874,-1497.5308587059126,-12073.269837286316,
-4972.743077636696,939.7674970374735,777.786366057859,-112.89568532577688,-1505.0111182329567,-12180.434607145877,
-4993.824094489997,943.9564273475175,780.1860665169726,-116.0831920949581,-1512.6883932318628,-12287.599377005437,
-5012.140025091711,948.1458292879845,783.764877578814,-115.39701859570918,-1517.4717505718154,-12394.764146864998,
-5030.855558667588,952.0537354288274,787.2017512803701,-115.50151507439394,-1522.7415295384017,-12501.928916724559,
-5049.459074858723,955.861782322974,790.6794782610141,-114.50165607673452,-1527.6241149645402,-12609.09368658412,
-5068.87362759416,959.7588645695271,793.8434596652111,-114.15748450466083,-1533.2387676740946,-12716.25845644368,
-5088.111042764608,963.8100173597412,797.0794508158533,-112.88076630651041,-1538.459386271471,-12823.42322630324,
-5107.624817306071,967.955514861941,800.2022752428834,-112.12157720691576,-1544.0208999272952,-12827.849586480688,
-5128.510758788488,972.1401882210669,802.6990678856966,-114.81874322696362,-1551.4418334222553,-12935.014356340249,
-5148.004054195814,976.3378822252381,805.8304348461272,-114.42059260801351,-1557.0941629875852,-13042.17912619981,
-5165.80875572313,980.5412036144304,809.5749347349879,-113.0231130244472,-1561.3313678630282,-13149.34389605937,
-5184.245838587617,984.6496934584214,813.1118358105891,-113.32078333410115,-1566.4668979964865,-13256.508665918931,
-5203.345516298754,988.7385981206893,816.4024997020434,-114.61685033169249,-1572.3088407575963,-13363.673435778492,
-5222.596801416131,992.863216894852,819.6329209841826,-115.20982721708927,-1578.0703474433647,-13368.19936789504,
-5241.191038913441,997.0403074298365,823.1139951453443,-113.78359390731127,-1582.8176135328729,-13372.46280018903,
-5260.627131842643,1001.2501655028648,826.2690914715542,-113.98287744516801,-1588.5980231992635,-13376.535646499744,
-5280.623586144757,1005.4734691519388,829.1835270051861,-115.56117035879073,-1595.123524139883,-13380.52122507333,
-5299.571046579372,1009.6997503054492,832.53324324542,-114.77911529572977,-1600.2990108479983,-13384.486548994391,
-5318.529262783095,1013.925109015902,835.8788344801624,-113.99290173806368,-1605.4804606823777,-13388.458187566366,
-5337.47949973535,1018.1480422295425,839.2274865806712,-113.12095857382182,-1610.631433342289,-13392.446260504841,
-5356.387506884774,1022.367618382089,842.5922712436002,-112.06948474040493,-1615.7009526493214,-13499.611030364402,
-5374.858426678764,1026.5833729584174,846.1172909261462,-110.08042819480784,-1620.1863071694518,-13606.775800223963,
-5393.743458748795,1030.7956886095683,849.4908050744212,-111.32119445461345,-1625.8688320761762,-13713.940570083523,
-5410.371533889632,1034.9840697697769,853.5427895545652,-108.46317285701016,-1628.8597873489528,-13821.105339943084,
-5427.340339869836,1039.171374518839,857.5169253349744,-105.7750123569474,-1632.130114791468,-13928.270109802645,
-5446.163485698703,1043.3715606887429,860.9137863819622,-105.79619309156084,-1637.4492706144833,-14035.434879662205,
-5464.6495953112735,1047.5881940260413,864.4334475013499,-104.46197620431815,-1642.1534660837483,-14142.599649521766,
-5484.80225510007,1051.8155866408072,867.277619487917,-106.69623781307457,-1648.9517693423677,-14146.557316222094,
-5502.8617555056535,1056.0472458633126,870.9418290786721,-104.37655055904911,-1653.0556033134974,-14150.485073089807,
-5521.546726517456,1060.2787884431211,874.3899302111103,-103.20760364295764,-1657.941630504927,-14154.413658940017,
-5541.416187752166,1064.5079516370454,877.3604849225198,-104.61621263966926,-1664.3366687019113,-14158.359014855287,
-5560.094677263637,1068.7335173049241,880.8109592916547,-103.26705147910198,-1669.1634692504874,-14162.329239831404,
-5578.391283636454,1072.9547873853878,884.3963632858066,-101.09726088862685,-1673.4736562316011,-14166.328444236671,
-5597.305829686475,1077.1714918826474,887.758657346789,-99.98223190483701,-1678.5284314918952,-14170.357662684832,
-5618.114888155228,1081.3836901782759,890.2931886963398,-103.1966043210714,-1686.0225141203766,-14174.415772773531,
-5637.621244079847,1085.591673591598,893.419110541248,-103.10176735591115,-1691.7692204209754,-14178.500297837758,
-5658.440282718672,1089.7958767878133,895.9487600334045,-106.07893139499211,-1699.212452239263,-14182.608046977977,
-5677.338986827659,1093.9968039075047,899.3170834626595,-104.54242183827365,-1704.1267176168603,-14186.735586820942,
-5696.715337420328,1098.1949714456073,902.4967545956514,-103.90583049838743,-1709.631731984695,-14190.87956700413,
-5716.258877573567,1102.3908619278068,905.6071186421206,-103.57039113693105,-1715.3357911619808,-14195.036960789528,
-5736.94782239143,1106.5848509454374,908.2000036125902,-105.89630635624475,-1722.5276360965622,-14199.205453813182,
-5756.925277687511,1110.7773351184344,911.1228926147817,-106.4470254256596,-1728.7708526705135,-14203.382666979158,
-5777.742398473442,1114.968750234672,913.6534806302795,-109.02363989549653,-1736.114083284725,-14207.566041411465,
-5797.9378028914225,1119.159382609665,916.4781908860635,-110.03653871480442,-1742.629324203918,-14211.753909564584,
-5816.959768348317,1123.3494307093836,919.7991840258366,-108.49144572180926,-1747.6226499772006,-14215.945122546571,
-5836.310869145706,1127.5390419811438,922.9891772834494,-107.59290328763758,-1753.033755546251,-14220.138830998023,
-5856.0996897056775,1131.72832894883,925.9948937495426,-107.62949788084248,-1759.008169663505,-14327.303600857584,
-5876.8379974586705,1135.9173779505227,928.5638870294379,-109.93510645899279,-1766.2291579778814,-14434.468370717144,
-5897.405125832459,1140.106255006155,931.2151902003643,-111.80521156311896,-1773.2218113687736,-14541.633140576705,
-5917.2855720317475,1144.2950102184268,934.1809265221257,-112.03463757726269,-1779.3116485955034,-14648.797910436266,
-5936.882889926604,1148.4842637596569,937.2686462189578,-114.356789835741,-1785.7500061388337,-14755.962680295826,
-5956.356058926794,1152.4493745138784,940.4083843902079,-116.42103406636532,-1792.039594611438,-14863.127450155387,
-5975.053489124093,1156.3397712523433,943.8519158518263,-115.82135352772642,-1797.1011138232382,-14970.292220014948,
-5995.402513090322,1160.3024482461553,946.6058616150962,-117.94516679775248,-1804.007235793315,-15077.456989874509,
-6014.962891520235,1164.3875978980955,949.7091537743579,-117.57102109647707,-1809.7116329330613,-15184.62175973407,
-6034.40202261395,1168.548667519598,952.8629946669334,-116.86836914208565,-1815.2395679037406,-15188.969894006479,
-6055.202099114538,1172.7417169297441,955.4019152484143,-119.56919320134942,-1822.6016940728286,-15296.13466386604,
-6075.1126813864175,1176.945275640382,958.3543977646585,-120.27188093851044,-1828.8400638594694,-15403.2994337256,
-6092.115486252439,1181.1530629723948,962.3202480302846,-117.54653996784714,-1832.1182582957135,-15510.464203585161,
-6109.510575709407,1185.2028550104415,966.183920510239,-115.60307264496655,-1835.9179900667907,-15617.628973444722,
-6128.704242908373,1189.206382031891,969.4374029649061,-116.87045759061624,-1841.8163390715506,-15724.793743304283,
-6146.741103043912,1193.2619527425175,973.1089330615404,-114.6756851136842,-1845.9486039162753,-15729.61657854505,
-6166.349864155941,1197.4018710182459,976.191812466067,-115.10214178831731,-1851.9076084788398,-15734.070102275005,
-6184.719020012534,1201.5936497713085,979.7523334051076,-112.86478741424173,-1856.2419569459796,-15738.25138407002,
-6203.831721146143,1205.8065327538918,983.0378778688561,-112.13123152891707,-1861.542010274489,-15742.305148826443,
-6224.255369890533,1210.0250542614335,985.7569888934454,-114.56002831841641,-1868.575777771184,-15746.322515167496,
-6244.673025830475,1214.244113855061,988.4789083431588,-116.99180716746228,-1875.606140001538,-15750.336348401886,
-6263.790842258297,1218.4620027192898,991.7624391454965,-116.3298484355148,-1880.9304345534747,-15754.357855034008,
-6282.416997232066,1222.6776025653594,995.2319757374136,-114.62327206105775,-1885.6103203458526,-15861.522624893569,
-6301.409453112158,1226.8902826668013,998.5643870504503,-113.56078369306053,-1890.7327766924177,-15968.68739475313,
-6319.352251825293,1231.1002848500218,1002.265944123338,-112.60823317265039,-1895.1929591513633,-16075.85216461269,
-6336.476355889483,1235.240084195185,1006.201484400068,-110.39607134198896,-1898.7296032089819,-16183.01693447225,
-6354.121204503108,1239.3636409693815,1009.9939691277925,-108.63425267068418,-1902.7494154986798,-16290.181704331811,
-6374.143045667122,1243.5121507863107,1012.8970774741856,-111.17694405699163,-1909.533855552718,-16397.34647419137,
-6394.541288160107,1247.6991398513903,1015.6280815449815,-113.91355304261118,-1916.6259783108906,-16504.51124405093,
-6413.226590978544,1251.9111215685066,1019.0760611110783,-112.50422246048664,-1921.4387018955276,-16508.570725410587,
-6433.410257338159,1256.1336782578423,1021.9061257012506,-114.50829536159269,-1928.2007566444224,-16512.561328061653,
-6453.847634347187,1260.3585017889873,1024.6187959976019,-117.19154412265989,-1935.30687835646,-16516.53661374974,
-6471.922562760052,1264.582261785511,1028.2779965082077,-114.70196368877674,-1939.360395430791,-16520.51911181871,
-6490.2558012702975,1268.8035531184653,1031.8508810099006,-112.59719824649407,-1943.7166603647418,-16524.51817466611,
-6511.024743149431,1273.0215101175893,1034.404984240049,-115.90383484275156,-1951.2051460512714,-16528.539236099892,
-6529.91465740356,1277.2357136582225,1037.7766461829333,-114.67404397901646,-1956.208748476658,-16532.58457556236,
-6550.069280598438,1281.4460861818493,1040.6199264215386,-116.16489427530897,-1962.8203642159388,-16536.654197572327,
-6570.574491130818,1285.652792770394,1043.3006251534841,-118.4146065825491,-1969.8659326247712,-16540.7466148222,
-6590.91331331795,1289.8561536772195,1046.0593098959346,-120.14384062692909,-1976.6652418240387,-16544.859481304844,
-6609.47594923527,1294.0565721230118,1049.5517414571382,-117.97813953219153,-1981.1510109101405,-16548.990067121726,
-6628.630394252731,1298.2544771987104,1052.8208060261081,-116.87521531621772,-1986.3693151928733,-16553.135600316265,
-6649.379724312243,1302.4502684056088,1055.3844473490922,-119.40949222223958,-1993.6549552197985,-16557.293575859047,
-6670.593272344571,1306.6441770981967,1057.7171060612357,-123.10142884144238,-2001.5470581903855,-16561.46253575728,
-6689.203893334805,1310.836541831629,1061.192266246322,-120.85441916440232,-2006.036168359397,-16565.64043866105,
-6710.3194007420325,1315.027936128985,1063.5746027603675,-124.20779643337444,-2013.7778819895368,-16569.82393280444,
-6731.602067358517,1319.2186620869193,1065.8719560190016,-127.98526914787773,-2021.7389951232483,-16574.011264466808,
-6750.536678188242,1323.4088850041182,1069.226590718951,-126.27802571511596,-2026.6225140130093,-16578.201477509294,
-6770.995006394616,1327.5987147830112,1071.929412262375,-127.9057902908815,-2033.4782045684553,-16582.393938254423,
-6790.7987017124615,1331.7882342113999,1074.928670780456,-127.98170970329886,-2039.4736110785714,-16689.558708113982,
-6811.197340524589,1335.9775092966315,1077.6594895929509,-129.44743900025037,-2046.246483710477,-16796.72347797354,
-6830.337951804808,1340.1665937560408,1080.9340274349065,-128.11173303232837,-2051.3843259755945,-16903.8882478331,
-6849.771649938188,1344.3555314283492,1084.090112953622,-127.36913122576891,-2056.8969073698036,-17011.05301769266,
-6867.654189850615,1348.544939099626,1087.8105762131172,-125.80546700564351,-2061.133844351967,-17118.217787552217,
-6886.330179628817,1352.6924903429556,1091.2619651427144,-126.50394472939045,-2066.535373469562,-17225.382557411776,
-6905.918063011238,1356.8363545009827,1094.353669722407,-128.92121417754225,-2072.9906440917857,-17332.547327271335,
-6925.736514661546,1361.002473819725,1097.3465092161955,-130.82827720230074,-2079.4773732027656,-17439.712097130894,
-6945.70481250152,1365.1979533532626,1100.273465541488,-132.43098313412497,-2085.989800661368,-17546.876866990453,
-6964.113918293984,1369.4127985941402,1103.8201324955212,-130.49604853898214,-2090.4525542534684,-17550.9180908838,
-6983.446824447187,1373.6362886167858,1107.0175399545028,-130.49125122098698,-2096.1072311879043,-17658.082860743358,
-7003.962451105185,1377.8617897121455,1109.6933077479682,-133.40173877353556,-2103.3232875258745,-17765.247630602917,
-7022.19538398612,1382.086668852721,1113.300255205652,-133.50066573058555,-2108.2693891877457,-17872.412400462475,
-7039.043200353873,1386.0177538927624,1117.3031213622132,-130.6855783067424,-2111.4155399333413,-17979.577170322034,
-7057.233057264055,1389.8309058585899,1120.924485584584,-129.4271772643196,-2115.947508541431,-18086.741940181593,
-7076.588056400657,1393.7307450012802,1124.1128877012482,-129.44625556167392,-2121.623680410929,-18092.123534142385,
-7095.136056354486,1397.789692529629,1127.6105570190125,-127.20040680983632,-2126.07213761315,-18096.93277846073,
-7114.340158352995,1401.9439811134694,1130.859878062734,-126.05689506504679,-2131.311291698481,-18101.315434452805,
-7133.011218476556,1406.1358317468919,1134.3130693793019,-124.0117047503048,-2135.909318206726,-18105.496302217307,
-7152.883336248998,1410.338666938058,1137.2824594673934,-124.60396099702253,-2142.091934009269,-18109.612352387187,
-7173.273639722499,1414.5450001213246,1140.0171728423322,-126.5525941622899,-2148.9824281199294,-18113.707068352862,
-7193.384476054006,1418.7527981951962,1142.8802900086248,-127.85775892049413,-2155.5160722876612,-18117.792742110156,
-7212.091398818462,1422.9605024500538,1146.3203331027007,-126.11462214003362,-2160.237460698444,-18224.957511969715,
-7231.057595828053,1427.1670902435876,1149.6628588643248,-124.84522861413238,-2165.2796609450893,-18332.122281829274,
-7248.4437431170845,1431.3724837690527,1153.5289930135896,-122.71159236860022,-2169.0110962853514,-18439.287051688832,
-7266.799210951629,1435.5218222350545,1157.0942359726835,-122.95582791777727,-2174.0778547716745,-18546.45182154839,
-7285.7382611546645,1439.6615921804153,1160.4471725862195,-123.99636111489747,-2179.745501822714,-18653.61659140795,
-7304.060578646682,1443.8241149255912,1164.023799021987,-122.67717237512032,-2184.346248325271,-18760.78136126751,
-7323.493170322046,1448.0192438664544,1167.1803414579492,-123.1235821838556,-2190.191247834766,-18867.946131127068,
-7342.225358395994,1452.2355759507861,1170.6110714872395,-121.87756833376625,-2195.0852099648664,-18871.97776406276,
-7361.247311836104,1456.4609105722711,1173.9320692877723,-121.25606931352793,-2200.3570618647686,-18875.9495670538,
-7380.414219142244,1460.6879821965429,1177.1961931059925,-120.9674467006723,-2205.8208773659,-18879.909450685267,
-7398.614772988222,1464.9136901756299,1180.8139891756944,-118.73522855062784,-2210.046920781199,-18883.87870257111,
-7417.904154352482,1469.1366294635143,1184.0290516389066,-118.59094835478088,-2215.6335374855666,-18887.866734652634,
-7436.124187488649,1473.3559519392027,1187.6403298016564,-116.2445087889477,-2219.832461971987,-18891.87883786233,
-7457.022147728522,1477.5712635282605,1190.1311958094886,-119.80093593579632,-2227.4711949098037,-18895.917061882814,
-7477.347035041204,1481.782515993987,1192.896344597698,-121.74085180152827,-2234.3143750168183,-18899.98114918935,
-7496.751968668577,1485.9899057398545,1196.064284823728,-121.40681982931349,-2239.9254269594603,-18904.06934995621,
-7515.184369240348,1490.193784396387,1199.6028239917364,-119.08842414177641,-2244.27282469148,-18908.179073263465,
-7534.848138851174,1494.3945850180826,1202.6623291132898,-119.14807044389761,-2250.168891445809,-18912.307371249215,
-7553.8163873977155,1498.5927638655885,1206.0040662201789,-117.68242857214473,-2255.1516004401933,-18916.45128447285,
-7572.7386305709315,1502.7887447641267,1209.3634250556424,-116.07832061635794,-2260.0600186762517,-18920.608148195337,
-7593.073795857993,1506.982788001794,1212.123807155853,-117.52416099984718,-2266.784088519495,-18924.776325984156,
-7612.93981166,1511.1752734510399,1215.0958717451317,-117.81860853262495,-2272.8819236515674,-18928.953531778192,
-7631.645288982427,1515.3667488459048,1218.5364463936048,-115.71942273068585,-2277.484279760287,-18933.13655954239,
-7651.150364807396,1519.55751342532,1221.6629023761889,-115.17230466494172,-2283.101772002561,-18937.323669735437,
-7670.5782938407065,1523.747742245552,1224.821369471141,-114.44865524888594,-2288.6160354626595,-18941.513849000537,
-7689.4362033733305,1527.9375562625132,1228.2051457862651,-112.590121892388,-2293.399471002586,-18945.706399786017,
-7709.420828907992,1532.1270473648688,1231.124846816804,-113.07740583696364,-2299.630450978308,-19052.871169645576,
-7729.6222398840555,1536.3162882178042,1233.9468142573733,-114.0664557300158,-2306.1435210618633,-19160.035939505135,
-7748.857931525647,1540.505337048367,1237.1834967207622,-112.91934476263725,-2311.4026778219077,-19267.200709364693,
-7769.601960168551,1544.6942405262578,1239.7497129632006,-115.2352376134669,-2318.6302076987777,-19374.365479224252,
-7788.909026436183,1548.8836172326799,1242.9576156954006,-116.83207803338031,-2324.689426131074,-19481.53024908381,
-7806.2739630545575,1552.9009491541074,1246.8295645293254,-114.47564029606025,-2328.3314430632367,-19588.69501894337,
-7825.070719617497,1556.8654876555713,1250.2363066350663,-114.30292235986074,-2333.57952130301,-19695.85978880293,
-7843.8646627861035,1560.8873399066888,1253.6440995392136,-113.12503271879167,-2338.5351470104297,-19803.024558662488,
-7863.237267024186,1565.003639006676,1256.82530460255,-112.5845155809151,-2344.0654379265256,-19910.189328522047,
-7883.04169745293,1569.1793075974592,1259.8242436406906,-112.90633301324739,-2350.128890665207,-19914.460471937993,
-7903.070391764268,1573.3803650603652,1262.7242880665076,-113.90472058627228,-2356.5262125559607,-20021.625241797552,
-7922.914356898042,1577.58959229109,1265.7059998706977,-114.6161933037825,-2362.7215243567375,-20128.79001165711,
-7939.950439881951,1581.801728442334,1269.6636508737988,-112.03048859572762,-2366.0720067962934,-20235.95478151667,
-7958.783640810633,1585.8531969976573,1273.0567352102835,-113.27542204134025,-2371.7205689655057,-20343.11955137623,
-7977.328005131106,1589.8550646346991,1276.5557034137114,-113.09196410231193,-2376.7970942901243,-20450.284321235788,
-7995.1198074065505,1593.9083685156957,1280.3041444186574,-110.50498861618567,-2380.6319234237417,-20455.116234475943,
-8014.850932651321,1598.0469725015685,1283.3347895756224,-111.22228775838359,-2386.751958585924,-20459.576095529534,
-8033.599222417254,1602.238054044371,1286.7595628008082,-109.67246635547185,-2391.5624162262598,-20463.761386798524,
-8054.006034290687,1606.4504019934072,1289.4865592671604,-111.94784187773773,-2398.5463660447276,-20467.818548448555,
-8072.218758775114,1610.6683714526753,1293.1002860166388,-109.55897029136072,-2402.725523941219,-20471.839528448487,
-8091.288181328963,1614.8868698974952,1296.4028024394313,-108.8119265657532,-2407.992698283093,-20475.857045980803,
-8111.1161880472955,1619.1042301729553,1299.39147883946,-109.73279363790273,-2414.2325790677232,-20479.882000702695,
-8130.834268419965,1623.3193539261056,1302.427733821028,-110.32636849166872,-2420.3107383918955,-20587.046770562254,
-8150.141596128399,1627.5316181346036,1305.6355305669758,-109.91390595640817,-2425.8338369979806,-20694.211540421813,
-8167.827875012557,1631.741266514507,1309.4157580758476,-108.43695168014467,-2429.969459940829,-20801.376310281372,
-8185.606738854136,1635.8460107424212,1313.168140065522,-107.36625952384175,-2434.287471274241,-20908.54108014093,
-8205.260318375224,1639.9213258207503,1316.231988462601,-109.96110788186618,-2440.8312824789577,-21015.70585000049,
-8223.692760856355,1644.0308161848209,1319.770512975204,-108.62127488237131,-2445.4983346080967,-21122.87061986005,
-8242.748309312543,1648.1961447355905,1323.0784455900116,-107.94442351681613,-2450.776648413225,-21230.035389719607,
-8263.172348674856,1652.3972327864203,1325.7973734917473,-110.29303299556508,-2457.790758041875,-21234.161964413353,
-8282.649432143167,1656.6134467889897,1328.9354853925247,-110.42489355370037,-2463.58041622617,-21238.19436188529,
-8303.103604744287,1660.8336107882428,1331.640262260084,-112.98808720080848,-2470.6685807290623,-21242.20090953459,
-8321.732078521318,1665.0536424780732,1335.108958045484,-111.39634634509817,-2475.386612557856,-21246.20833244038,
-8340.862938185868,1669.271992048995,1338.387346993178,-110.77493475020985,-2480.73137448027,-21250.226825466074,
-8361.517239540013,1673.4876656773124,1340.9969241538245,-113.70202202651552,-2488.047782494602,-21254.262715372075,
-8380.268766825695,1677.7001349548395,1344.420497640082,-112.15735150469656,-2492.8620068498244,-21258.31910754996,
-8400.848805197329,1681.909226609054,1347.0656463942862,-114.6740454778369,-2500.0258545041866,-21262.396741792098,
-8419.452728731492,1686.1150203913326,1350.543226301095,-112.69795752120787,-2504.6029108471607,-21266.494770981502,
-8440.565269271903,1690.3177607664165,1352.9270587693538,-116.40298863753404,-2512.427403759581,-21270.61139451232,
-8461.207604366944,1694.5177847765865,1355.5423871328455,-118.79302913184394,-2519.602948978325,-21274.744337361735,
-8480.816531135579,1698.7154644408893,1358.6251964111618,-118.64736130758821,-2525.404727500233,-21278.891202884726,
-8500.104165346147,1702.9111456184246,1361.8409651812233,-117.7632767856639,-2530.7776054683704,-21283.049822909947,
-8519.73613343068,1707.1049699653965,1364.9140049414996,-117.5682556353257,-2536.5810864560385,-21287.21927287888,
-8540.097625507078,1711.297231318512,1367.6621513647185,-119.02756465128802,-2543.32674200632,-21291.3977725014,
-8560.125446028609,1715.488589504993,1370.5625865920072,-119.66503482384067,-2549.627628383149,-21295.581474262006,
-8580.576764441146,1719.679356915902,1373.2687059008204,-121.30218080403844,-2556.480894165818,-21299.768568216867,
-8601.547695425268,1723.869677249599,1375.7234324133706,-124.24370473010791,-2564.0211963478396,-21303.95822373297,
-8620.778906243173,1728.059635829728,1378.9619113012502,-123.10854397504642,-2569.280991978473,-21308.149948479564,
-8639.451833983107,1732.2492958436178,1382.4144199636244,-120.91565192859906,-2573.8297911920513,-21415.314718339123,
-8660.504641378808,1736.438709748517,1384.8282783715244,-124.04374231265015,-2581.4728729792387,-21522.47948819868,
-8680.332939056776,1740.6279229021272,1387.8168279202987,-124.16709638178072,-2587.498091368218,-21629.64425805824,
-8699.887598601266,1744.8169747117636,1390.9225238165839,-123.68406878578523,-2593.167453425901,-21736.8090279178,
-8718.922414363062,1749.0064794868347,1394.2385277483177,-124.62349502397166,-2598.8736361874444,-21843.97379777736,
-8736.65061290428,1753.0738105444464,1398.0062251157458,-123.03957854772159,-2603.003567264976,-21951.138567636917,
-8756.52220969782,1757.108345964114,1400.9758436319764,-125.70313373595836,-2609.7140971381277,-22058.303337496476,
-8776.10971937118,1761.1862520412985,1404.0677059489858,-126.52211419435669,-2615.7633855441973,-22165.468107356035,
-8794.54193159607,1765.3326248069714,1407.6063109791066,-124.36838972281984,-2620.167774337441,-22272.632877215594,
-8813.9891909346,1769.522758533629,1410.756790406913,-124.12743362995693,-2625.8336473631266,-22276.82360050968,
-8832.698613540524,1773.7319214740785,1414.1959138763652,-122.47656480007805,-2630.586333809925,-22383.98837036924,
-8853.586387838368,1777.9469575452235,1416.6918032020942,-125.99631866065722,-2638.2091311194554,-22491.1531402288,
-8870.478868970238,1782.1635897164738,1420.684201044797,-123.27311730410365,-2641.4180219578066,-22598.317910088357,
-8888.341585177448,1786.0518692258602,1424.4108272403082,-122.04305498091458,-2645.7437160667537,-22705.482679947916,
-8908.063261253246,1789.8123449753607,1427.4455369030568,-124.00566071669105,-2652.1780441121027,-22812.647449807475,
-8926.851567743306,1793.6725572135822,1430.855433568609,-122.6240946502789,-2657.0675829389793,-22818.155556309226,
-8945.913780715691,1797.7115761693292,1434.1607659739038,-121.17674421186653,-2662.118456504931,-22823.043869124762,
-8966.64773592493,1801.8570851086554,1436.7318709395713,-123.39880425694797,-2669.3154773375304,-22827.47017317429,
-8986.40969917394,1806.0445810886783,1439.7492155491566,-123.47469945883704,-2675.282575495168,-22831.67590289179,
-9007.413090396016,1810.244733256365,1442.1877798123787,-126.80600646637407,-2682.9405906024413,-22835.808080374358,
-9026.601875576987,1814.4492950273298,1445.4432069312745,-125.93807182260564,-2688.252085083421,-22839.913644761524,
-9045.769574574497,1818.655987211978,1448.7070165559583,-125.08089135321846,-2693.552651827577,-22844.00615076089,
-9065.592812886267,1822.863055592353,1451.6977711766947,-125.68078321531426,-2699.7040364774743,-22951.17092062045,
-9084.320959757026,1827.0693208107064,1455.12999361378,-123.9440007064259,-2704.441488675674,-23058.33569048001,
-9102.898324625026,1831.2746001131825,1458.6171398712656,-124.24991369536225,-2709.6730401455975,-23165.50046033957,
-9121.6283093859,1835.448338046865,1462.0486837103988,-125.4704768793666,-2715.245708553959,-23272.665230199127,
-9139.357114450799,1839.620830781711,1465.8161988400711,-124.006692283066,-2719.4131028254455,-23379.830000058686,
-9157.6637425618,1843.8101283875963,1469.39818684496,-122.81276779646964,-2724.0414223107323,-23486.994769918245,
-9177.890472403731,1848.0207980988623,1472.2085711116206,-125.39870163745762,-2730.977888740197,-23594.159539777804,
-9196.26255269061,1852.2453818188312,1475.7680815555218,-123.60074338475407,-2735.461125689197,-23598.136455835596,
-9214.87959761588,1856.475740536159,1479.240918073944,-122.27999354410981,-2740.255989955492,-23602.07341874405,
-9232.96507624436,1860.706616578212,1482.8966836103064,-119.97414403172758,-2744.381547770157,-23606.00672921064,
-9250.955841746449,1864.9354448699705,1486.5830065089172,-117.46118657478833,-2748.3720255622775,-23609.954424497435,
-9269.013160297758,1869.160903599215,1490.247923146336,-114.98080969080765,-2752.4174340980167,-23613.92538013003,
-9288.470643088485,1873.3822230865132,1493.3941690467914,-115.1639077898264,-2758.207880261896,-23617.92425542085,
-9308.672814160447,1877.5990816229444,1496.2157892591142,-116.97876186883089,-2764.934891959231,-23621.952473729023,
