HighCarbIm_Fm1,CarbCountingInsulinIm_Fm1,VeryLowCarbIm_Fm1,LowCarbIm_Fm1,NormalCarbIm_Fm1,SlidingScaleInsulinIm_Fm1,
0.0,0.0,0.0,0.0,0.0,0.0,
-18.372295468436224,-3.2382360849851226,3.559436068182063,-1.283052566492218,-5.347679928417011,-3.2382360849851226,
-37.21223399387429,-6.748131686285438,6.949986137274951,-2.3465931658556327,-10.954333113626753,-6.748131686285438,
-55.03079722353131,-10.487998266032058,10.69023744407428,-0.2558712197768429,-14.979867417114932,-10.487998266032058,
-74.34478324469045,-14.41205133110805,13.895333564280795,-0.4566389422874355,-20.678201232635615,-14.41205133110805,
-95.0292835185793,-18.474537585084043,16.490363518549117,-3.3220979351001914,-28.000505160631977,-18.474537585084043,
-115.91774618510345,-22.633892709028764,18.985913532573438,-6.208324191374388,-35.46977969047478,-22.633892709028764,
-136.16211234223388,-26.855818064294112,21.7882086884866,-7.174550088029132,-42.00625476975315,-26.855818064294112,
-156.30721611064416,-31.11409693634523,24.63581052394892,-7.735943428676736,-48.366735101681854,-31.11409693634523,
-175.82683484161728,-35.38999410113827,27.75619259846532,-6.845045279242933,-53.89317878729087,-35.38999410113827,
-195.8262462119934,-39.670984095006794,30.669310590355572,-6.969151115808766,-60.03485928576475,-39.670984095006794,
-214.91214888011896,-43.94917159540778,33.965377932169105,-5.215434813314031,-65.00357456701163,-43.94917159540778,
-235.8219358379112,-48.21988405545986,36.450404870538875,-7.578786429320998,-72.35804418937286,-151.11394145496777,
-255.19085929880714,-52.48084923302823,39.63311619336908,-6.441411215293142,-77.70923706055979,-258.27871131452775,
-276.2019394404322,-56.731454692097614,42.067844348525945,-9.168196249761198,-85.22460935409782,-365.44348117408776,
-297.2551591563431,-52.5502150399268,44.481496103144124,-12.055829005933766,-92.80903816296029,-472.6082510336478,
-316.1947330395173,-48.367376283461994,47.83423232390393,-10.202803299922405,-97.6482740050896,-579.7730208932078,
-336.7926796448495,-44.465441133050895,50.470829465694166,-11.123947987605934,-104.41550818953542,-686.9377907527678,
-358.7429948348837,-40.678170424732286,52.41547107720353,-14.91563090427248,-112.84975603950643,-794.1025606123278,
-379.17387700591735,-36.82350861847661,55.13118973110777,-14.782858352806699,-119.21335453043442,-901.2673304718878,
-399.46684920549325,-32.82709680034959,57.91110370586275,-14.364134957845607,-125.40108710953493,-1008.4321003314478,
-419.757524090485,-28.738014951458855,60.69207838597684,-14.076267182269167,-131.62493202956173,-1013.116182635828,
-441.41984401578793,-24.607703192382584,62.79141959375815,-17.33594056245247,-139.72699087553607,-1120.280952495388,
-462.02448928949326,-20.461042746210072,65.42481365013471,-18.210492931231272,-146.4864126763754,-1227.445722354948,
-481.2151024611221,-16.303640368049486,68.67951279286747,-18.704610082432716,-152.18058553322672,-1334.610492214508,
-498.7114968666502,-12.292819928374737,72.51487428930554,-16.13957045188011,-155.83316049482812,-1441.775262074068,
-518.717856462717,-8.310284122499002,75.42489452947069,-18.53014573407024,-162.56945088812,-1548.940031933628,
-539.5449336714341,-4.267568450955342,77.9506082139293,-22.04460314480148,-170.14860538077124,-1553.8138797022177,
-559.3927804120837,-0.1389465492934594,80.9306238103484,-22.57264029146721,-176.29743664857938,-1558.3211457902146,
-579.2076347311717,4.043409154581336,83.92502929367821,-23.00371098226028,-182.3976470884006,-1562.55566869413,
-597.7148918866453,8.249293144736708,87.4372045445178,-20.91267325029294,-186.872563813885,-1566.653144393875,
-617.251924790932,12.463046055649727,90.55029709373494,-21.050362269964772,-192.70436323594686,-1570.7013655571593,
-638.1213492451254,16.67897053190547,93.05522260091355,-24.55221611066371,-200.31004066432888,-1574.7356355162433,
-658.583333825089,20.894742590043062,95.7563229639191,-26.986366819999894,-207.3716594385209,-1578.770890037815,
-676.9924257352201,25.108868197080934,99.30299475077713,-24.849587160248948,-211.76669404325958,-1685.935659897375,
-696.455706383018,29.320489057820442,102.44683699988754,-24.76097997789015,-217.4860580864825,-1793.100429756935,
-714.0689817950155,33.529715455193774,106.24857778616325,-23.13291157355723,-221.52742926811257,-1900.265199616495,
-730.9362366059349,37.61685652385679,110.24690796684116,-20.363687466004126,-224.7031705636296,-2007.429969476055,
-750.0923131515384,41.66770112507482,113.51532625005717,-21.610523594403514,-230.57075707976065,-2114.594739335615,
-769.1055172939908,45.75749345648874,116.83971510534396,-21.390054070475802,-235.9505292427373,-2221.759509195175,
-789.8239453324943,49.91208484421088,119.4183453020371,-24.58724632130185,-243.37732127474246,-2328.9242790547346,
-809.5151625474074,54.107892494039184,122.46612159000387,-25.051984356063155,-249.40261584799353,-2333.082158258672,
-830.1282230741461,58.32108655155537,125.0954884243013,-27.86364929926795,-256.6621071384959,-2337.13394362546,
-848.6175585821899,62.53905618053239,128.61400955486727,-25.96059244669656,-261.1880458476729,-2341.1549225162107,
-868.0541046270628,66.75735700640438,131.76891867902114,-26.00570666775758,-266.9264408034087,-2345.17373476529,
-887.7546842724605,70.97435693332694,134.8126842603536,-26.615608526497144,-272.99707097823534,-2349.2010343093116,
-908.5320153399895,75.18899433672847,137.3627014303975,-29.829439177439223,-280.46891790079866,-2353.243592728603,
-927.1531176798674,79.40068389735555,140.83406890603965,-28.01970569036641,-285.1121068483575,-2357.304921436816,
-945.5510304589732,83.60920454831955,144.3846282518357,-25.74015436503364,-289.4505764269969,-2361.3861108307983,
-966.0384026265413,87.81459486380083,147.07375825769182,-27.90337472603388,-296.46214275909585,-2365.486612620694,
-986.182057434545,92.0170636468861,149.9220174505366,-29.128763877811938,-302.9975609251707,-2369.6048770826574,
-1006.4085815696379,96.2169173548784,152.73249596723832,-30.478127448857425,-309.6220256964154,-2373.7388362992606,
-1027.2931412787825,100.41450199722667,155.22996951508517,-33.416915050795524,-317.10148010667285,-2377.886263063946,
-1045.8936921710938,104.61013946332766,158.7087668076524,-31.21846078298626,-321.60083908619214,-2382.0451390373723,
-1066.3817230898103,108.80393269571103,161.39758575509424,-33.033584173873415,-328.52489376590245,-2386.214769745795,
-1087.150439604964,112.99615227960247,163.95179870183142,-35.51013610729943,-335.8096456036327,-2390.393510389642,
-1106.6497466429112,117.18749707275582,167.08066058120775,-34.964991332870824,-341.4238245952211,-2394.577289146387,
-1126.3982681662621,121.37828497599035,170.10380938089983,-34.95009295022151,-347.3566073320302,-2398.764265575161,
-1147.0596051187879,125.56865037038352,172.71000163108943,-37.099287336438294,-354.48500260413,-2402.9536631275278,
-1167.258951467094,129.7586677293828,175.53291207896444,-38.104680779255105,-361.0009667783441,-2407.1450518690062,
-1187.3836243273106,133.94839154933865,178.38977224125,-38.92505204979378,-367.4168527405433,-2514.309821728566,
-1206.8928361435476,138.1378682754143,181.51450208040526,-38.35518967623449,-373.0305517538981,-2621.474591588126,
-1225.6423228776328,142.32713956126116,184.9388318197699,-36.289268274835635,-377.67317734345767,-2728.6393614476856,
-1244.306608036244,146.51624285959596,188.39449762505143,-34.0703251761557,-382.20727270550645,-2835.8041313072454,
-1263.5425550309649,150.70579139783354,191.63107767694126,-35.49711842667498,-388.1750170785396,-2942.968901166805,
-1280.899120857099,154.89187195965266,195.5053118325373,-33.55445809254423,-391.9501300382807,-3050.133671026365,
-1300.4245663491513,159.08581563337907,198.62325683137692,-36.096985886640304,-398.39323156254807,-3157.2984408859247,
-1320.5363865928873,163.29284884639128,201.48592941237985,-39.08204928275366,-405.34772704882374,-3264.4632107454845,
-1340.4276640672367,167.51246319950968,204.44690806599723,-40.80967824680779,-411.83911365704654,-3371.6279806050443,
-1360.4118889817535,171.740254194551,207.3667872928514,-42.566659924333536,-418.4016900847661,-3375.582889576832,
-1380.8276171089708,175.97158071018293,210.08960977187184,-45.43751002661204,-425.5387854005269,-3482.7476594363916,
-1399.7475909732243,180.2029348780966,213.44983437662873,-44.74798935813359,-430.72283899547426,-3589.9124292959514,
-1418.1096306727204,184.43254017146788,217.01281178943572,-45.29492505790686,-435.87419271494065,-3697.077199155511,
-1436.0317037185819,188.5683306229306,220.72090075408232,-45.097270656355086,-440.5335742232373,-3804.241969015071,
-1452.9994081744012,192.67394360007893,224.69530342722206,-42.42152896909585,-443.8077670755257,-3911.4067388746307,
-1470.5093615865537,196.80709017622843,228.52681700121124,-39.78471307584557,-447.44282769048993,-3915.89267321688,
-1488.372679605518,200.98829555716347,232.25325651599786,-37.17594111332524,-451.3158250500373,-3920.1335612440525,
-1507.7950600138633,205.19985007683476,235.41401229888635,-37.41110946900629,-457.09675290558357,-3924.1957428902965,
-1527.6984860692107,209.42332863418383,238.36964675779376,-38.77080127859178,-463.50243901303475,-3928.180141772607,
-1546.336869292987,213.6487678624257,241.83474537600316,-37.33955319862139,-468.2773283716562,-3932.151230593355,
-1565.9494408804267,217.8727234710272,244.91601131398158,-37.961648876984576,-474.2914184663283,-3936.1324056119756,
-1586.0573978178566,222.09401248742498,247.78042924081873,-39.68907662178941,-480.9314574969259,-3940.1314838902713,
-1605.0457470931701,226.31189587837872,251.11442520142134,-38.75640693611055,-486.08990430738675,-4047.296253749831,
-1623.5659020416597,230.52602032385587,254.62202026609677,-36.818408438084916,-490.6245548009852,-4154.461023609391,
-1640.4573719280042,234.73683520483738,258.6146569105576,-33.97913126115155,-493.78917289058353,-4261.625793468951,
-1659.0824061299963,238.9221199764221,262.0845997721797,-35.113563864930484,-499.26912371160773,-4368.790563328511,
-1675.87480916586,243.105938473274,266.1002275168132,-32.128751212097484,-502.3145299430394,-4475.955333188071,
-1694.8609079246487,247.3032756369623,269.4350914528408,-32.48055438049953,-507.8327243524261,-4583.12010304763,
-1714.6338961099702,251.51805542971033,272.4476677081751,-33.98342427144263,-514.1859336573802,-4690.28487290719,
-1732.822271035132,255.7442819859992,276.06952565054013,-31.875083293939607,-518.4463173250131,-4694.250571588747,
-1750.8129124760708,259.97513086147785,279.755888160916,-29.420820092416463,-522.4578513107107,-4698.184074172006,
-1771.34267471418,264.20603618679576,282.4249550931337,-32.56789410929184,-529.7412822681963,-4702.117177513988,
-1789.8375173453826,268.43467566790383,285.9415284786634,-30.945606571965158,-534.361514982318,-4706.066189446349,
-1810.21449257813,272.65981301203783,288.68246155098825,-33.484499459541034,-541.3902521950625,-4710.039338033092,
-1828.9555918924154,276.8807366278018,292.10989694627233,-32.134517967288865,-546.2582643498133,-4714.040847684015,
-1847.523170424864,281.0971654466161,295.6005565051547,-30.338551504569672,-550.8706807501784,-4718.071853930191,
-1866.373680466883,285.3091489132471,298.98712438139927,-28.974323398138157,-555.8068328398665,-4722.131324218956,
-1885.3106640064657,289.51696902120494,302.34085166066933,-27.677321186865218,-560.8211348696915,-4726.216861469148,
-1906.3616966551078,293.7210516502756,304.75559946835637,-31.26219275265302,-568.5736990033645,-4730.325344372066,
-1926.684601309144,297.92189282740486,307.52166711331256,-32.876407972246234,-575.3326495137906,-4734.453399344169,
-1945.6363315529657,302.1200017953293,310.86974668768744,-31.377170726988727,-580.293838585414,-4738.597726249546,
-1964.83142977874,306.3158549352736,314.1226588416835,-30.30748413529204,-585.5493243075581,-4742.755338891676,
-1985.6390240690653,310.50982261938196,316.6579059747211,-32.93620266409448,-592.8988477588586,-4746.923955928176,
-2004.7060418989377,314.70229190776695,319.96136201530345,-31.532467364407488,-597.9665537906641,-4751.101255068542,
-2025.7430500567539,318.89369983336695,322.38313256707363,-34.67960951291631,-605.6032559058638,-4755.28467084906,
-2046.0206023489677,323.08433203352666,325.17016067480546,-35.889441393236396,-612.2264643395648,-4759.472540004267,
-2064.743359375412,327.27438496839017,328.6043719253415,-33.79193212842391,-616.8407595251193,-4763.6637253393765,
-2084.781667020734,331.46400412826966,331.50011399189646,-34.407116319985484,-623.1428195521754,-4767.857388768048,
-2104.528052938353,335.65330050035016,334.52418399862563,-34.34928411463677,-629.0621825017075,-4875.0221586276075,
-2124.138621614121,339.84235932976094,337.60629813361317,-33.987131308248074,-634.8038598153355,-4982.186928487167,
-2144.4610722770244,344.03124591649225,340.3725761494856,-35.25686780311476,-641.4735181945986,-5089.351698346727,
-2165.3080610225297,348.2200099296222,342.88852666063354,-37.831597747921656,-648.8370376791917,-5196.516468206287,
-2183.7178935259312,352.40927126017675,346.4349406083661,-37.34280755340851,-653.7387864379592,-5303.681238065847,
-2201.4145590350477,356.503656272622,350.2120754527113,-35.76381345873625,-657.8497009157728,-5410.846007925406,
-2220.1188444716217,360.5757176927488,353.6530883095396,-35.739893381116964,-663.0769256356102,-5518.010777784966,
-2238.806909314082,364.68381006902604,357.1000556555363,-34.71812492799228,-668.0091067284235,-5625.175547644526,
-2257.6552603652613,368.8466704523645,360.4874373832322,-33.47236231831699,-672.9802257219652,-5732.340317504086,
-2276.960649459629,373.0449106490754,363.6960199312869,-33.05755406169356,-678.5013530833894,-5736.48386743866,
-2295.9751386552716,377.25869508181665,367.019911025373,-32.116269077204585,-683.6746804427906,-5843.64863729822,
-2314.6300716408327,381.4770807307648,370.4789877019765,-30.53343913686639,-688.4130030416148,-5950.81340715778,
-2333.1565517856957,385.69632857925853,373.98433256826604,-31.133851737087333,-693.6884881336418,-6057.9781770173395,
-2349.982537137096,389.87284733361895,377.9922563188252,-28.704804517750823,-696.9605627080044,-6165.142946876899,
-2368.6482035143076,394.0425179585055,381.44741789049635,-29.564838915979248,-702.3972362434988,-6272.307716736459,
-2386.543284252819,398.2295521713905,385.16396783130074,-27.772175743864526,-706.5700817316425,-6276.516057039352,
-2404.2276039021076,402.4411497028467,388.9447778244295,-25.077808576147348,-710.2958555447535,-6280.577967081756,
-2424.572530017368,406.66832191965096,391.7006278134481,-27.887286603944656,-717.3689037340961,-6284.537156453155,
-2442.8457324507312,410.90135963276015,395.293982570011,-25.990912964534832,-721.7552539746863,-6288.455066277462,
-2462.7905661872105,415.1343743611546,398.2313391018431,-27.721035840107916,-728.2839961635625,-6292.373141054954,
-2482.3412890301306,419.3648217337569,401.338688538307,-28.41069164630709,-734.274070902796,-6296.309478928195,
-2500.6497737089226,423.59154179239084,404.92004296688435,-26.393681378914025,-738.6436361861323,-6300.2717854973325,
-2518.892277961007,427.8138654389739,408.52376973968273,-24.15433749278632,-742.8945822111696,-6407.436555356892,
-2539.0295185977757,432.03153469978236,411.3749374959814,-25.834678180907847,-749.5427578468853,-6514.601325216452,
-2556.37051641921,436.24510033449457,415.2534076541338,-23.80245924734502,-753.2786380991312,-6621.766095076012,
-2574.27201474279,440.23239212134627,418.967950660452,-22.753864662546086,-757.6835780744047,-6728.930864935572,
-2592.680182903791,444.1358493059559,422.5149440008776,-21.89204779405819,-762.4772736787668,-6836.095634795131,
-2612.578326550936,448.106110933775,425.4729032310929,-23.19475436869999,-768.8646386773553,-6943.260404654691,
-2633.7735151448974,452.19682521452813,427.81490068504473,-27.02629550770165,-776.7773669279111,-7050.425174514251,
-2655.030615983394,456.36193810664395,430.12533992382623,-30.86037278568704,-784.7341205502025,-7054.752365246234,
-2675.7770884811384,460.557682003353,432.69036935566555,-33.509511389792074,-792.0462296102222,-7058.910617940069,
-2696.32893015389,464.76287094465016,435.3489486527795,-35.829774585272396,-799.1416917574721,-7063.0123520278285,
-2717.4001105107436,468.9710473662651,437.7535904040703,-39.604651386498944,-806.9539702928155,-7067.095679744568,
-2736.6620652199995,473.18016958917343,440.9797190409212,-39.00943124580513,-812.3941749520093,-7071.173123373892,
-2757.1068027293636,477.38874582529525,443.6889319670946,-41.165367400247575,-819.3744493272293,-7075.253967132984,
-2775.916074448052,481.59583962228993,447.090993527334,-39.60177102764092,-824.2209068478772,-7079.343996250484,
-2796.358019818561,485.800942290783,449.80151831466594,-41.64162209753274,-831.1700661831287,-7083.446257914159,
-2815.284204480203,490.00385649803457,453.1593726497107,-40.2048263795039,-836.1338801492741,-7087.561830072118,
-2834.0152765751213,494.20459345271075,456.590514913285,-38.34848285737103,-840.8343100971197,-7091.690509467993,
-2854.9563132135527,498.40329315660875,459.06007933082446,-41.46969931306912,-848.3977281313261,-7095.831335182843,
-2875.957564528453,502.60016087480244,461.49971069754076,-44.6915415325735,-856.0276667809968,-7099.982988808987,
-2896.7870884248705,506.79538837069174,464.02422579201874,-47.415027760449505,-863.4158611315147,-7104.144262957848,
-2916.974034167268,510.98886822137877,466.85279524520365,-48.48672204117565,-869.9407675637897,-7108.3157127100085,
-2936.1224097346126,515.1807424610347,470.1242626238538,-47.22984527602654,-875.1081065385075,-7112.496444475499,
-2956.7177140824597,519.3719187065602,472.7621225622555,-49.23659282891076,-882.1548790175999,-7116.681191818476,
-2976.6828286661744,523.5627421145681,475.6904916430701,-49.71423820556585,-888.3699580423217,-7120.867964599198,
-2996.9809598433408,527.7532934721781,478.4680225988524,-50.97148204456471,-895.019658994301,-7125.056297039376,
-3017.6669386944463,531.9435854655375,481.0623390896715,-53.180769423158225,-902.1802269419073,-7129.2461147738,
-3037.8509907853722,536.1336227902714,483.8922278476774,-54.15029783575823,-908.6762571087083,-7236.41088463336,
-3057.4145154752555,540.3234169337012,486.99419676534296,-53.70463722475098,-914.3623257202145,-7343.57565449292,
-3076.4891792609856,544.5129874332287,490.29466399248713,-52.25076710400825,-919.4194331452541,-7450.74042435248,
-3097.79478766697,548.7023594334319,492.58024737918777,-56.04778009765411,-927.40133135407,-7557.9051942120395,
-3115.6418724564396,552.8921390660352,496.3117132943537,-54.42422595473657,-931.5964291024279,-7665.069964071599,
-3132.853380094586,557.0460834811789,500.2246949861536,-52.128008653874694,-935.1606459373647,-7772.234733931159,
-3151.7062368785737,561.1982285618835,503.6103778992304,-52.784840667685444,-940.6702108516345,-7879.399503790719,
-3171.5561420319186,565.3710532667914,506.5894936505888,-54.822772663918805,-947.2113081908883,-7986.564273650279,
-3191.8042695309027,569.5704219622016,509.39006143219365,-57.177649842746916,-954.1054478996916,-8093.729043509838,
-3212.293933985356,573.7873245755304,512.0781089346102,-59.967381880952715,-961.2739487320308,-8097.756975480615,
-3232.225206205102,578.0120489982264,515.0214623480385,-61.40071306084371,-967.7176455622725,-8204.921745340176,
-3252.216819164672,582.2384616290122,517.9380539191601,-63.01413549952225,-974.2487938321746,-8312.086515199737,
-3268.8448644120363,586.464069536368,521.9900448087682,-60.069280114453186,-977.206264607302,-8419.251285059298,
-3285.664652099705,590.4719287158943,525.9993972842424,-57.35319775737479,-980.3716717944191,-8526.416054918858,
-3304.654733505686,594.3970988317344,529.3327249831282,-58.15837856033324,-986.0126503955343,-8633.580824778419,
-3325.160000448945,598.3860608864461,532.0133970258901,-61.386456373403,-993.2986669143872,-8638.657049988682,
-3343.60288755502,602.490743856334,535.5482654588158,-59.22803280571109,-997.7084389241907,-8643.27326970124,
-3364.552099377436,606.665805785454,538.0137766289147,-62.53511277986137,-1005.3227527755386,-8647.547690909536,
-3384.1201483866344,610.8688470566984,541.1138417073452,-62.54986240941857,-1011.1416152533589,-8651.662494015116,
-3403.7017938493264,615.0795798590848,544.208178153549,-62.701118896774084,-1017.0073303461072,-8655.729852946262,
-3424.5653843119844,619.2919922151711,546.7159729689453,-66.06662321223575,-1024.5760420404508,-8659.78660618394,
-3444.5195830388834,623.504346676489,549.6491822791519,-67.13338038336606,-1030.9403719716006,-8663.843726545108,
-3463.2574078164084,627.7154240019879,553.0778289217634,-65.52859534786937,-1035.7265062967422,-8771.00849640467,
-3482.697415239726,631.9244704001101,556.2313075942963,-65.31662700388983,-1041.3956476077844,-8878.17326626423,
-3500.5007753153345,636.1316136320454,559.9762178984345,-64.00896605916182,-1045.6591831361943,-8985.33803612379,
-3517.0954421349634,640.2244749252402,564.035318696974,-60.8238724492629,-1048.4985088301673,-9092.502805983351,
-3535.0570481447467,644.2851553682292,567.7309220424578,-59.43317599893387,-1052.8404514528843,-9199.667575842912,
-3555.1605067636247,648.383305567588,570.5973711596154,-61.84364616709299,-1059.6485654211497,-9306.832345702473,
-3573.7829781945434,652.5425028773066,574.0682426935599,-60.23433817982168,-1064.3570688067705,-9413.997115562033,
-3593.024722941847,656.7406101497534,577.3024964387361,-59.73429817646531,-1069.8110964263885,-9418.141452502903,
-3612.355782375423,660.955192329979,580.5006553090365,-59.49777872839988,-1075.3999406401833,-9422.184365259971,
-3630.6611779559444,665.174253549765,584.0830638004137,-57.29204661656305,-1079.7035404162584,-9426.19818780057,
-3649.2367430703202,669.3934771866504,587.5708566443532,-55.57963445526199,-1084.3482023897395,-9430.210941771153,
-3667.682332779931,673.6112413186086,591.1047778572816,-53.59217986177375,-1088.8174698728978,-9434.233262973532,
-3685.9506884198872,677.8264996750721,594.6997744886543,-51.23759033562777,-1093.0450122740378,-9438.271829805191,
-3704.6655476239957,682.0386845333338,598.1368965805805,-49.61583882675772,-1097.8105734597211,-9442.330025017878,
-3723.495572777838,686.247592423282,601.531174441336,-48.135829832186346,-1102.697098367832,-9446.408804515277,
-3743.263123581365,690.4532789513664,604.5461032699864,-48.56707939956902,-1108.7652036676448,-9450.507491470846,
-3762.205015031277,694.6559689083377,607.8979524369563,-47.155614128305444,-1113.7473453024438,-9454.624419780512,
-3781.617426957794,698.8559832878072,611.0628153867755,-46.642950676812774,-1119.3124190707513,-9458.75742012718,
-3800.779312766166,703.0536809159805,614.3289311576904,-45.550106797773246,-1124.5387366291022,-9462.904179520963,
-3821.4087559054205,707.2493948517571,616.9504472951078,-47.776639321796004,-1131.6644753721018,-9467.062607701428,
-3840.6493073848455,711.4432405463051,620.1851799979274,-46.75160149962518,-1136.9637759370676,-9471.23193365192,
-3859.9300756466673,715.635509294064,623.4037226136138,-45.77131808915915,-1142.303397463877,-9475.410390600648,
-3878.855971733253,719.8268871607517,626.7616871335932,-44.072650397819345,-1147.183913777883,-9479.593979215018,
-3898.1565081043386,724.0176896233505,629.9722356983378,-43.0981775288828,-1152.5385048846836,-9483.780872137915,
-3918.01771057498,728.2080551765035,632.9464084864193,-43.325875208433786,-1158.6147916200741,-9487.970268781328,
-3936.6826235485905,732.3980632396836,636.4018451142709,-41.1259607750369,-1163.1558969471416,-9492.161710667095,
-3956.216855795048,736.587772419342,639.5161112174277,-40.615264142546174,-1168.8035310976882,-9599.326480526655,
-3976.796335095062,740.777232162195,642.1615266715611,-42.532857230279184,-1175.8167799286837,-9706.491250386216,
-3997.150957284476,744.9664861395302,644.912869544413,-43.89077700424883,-1182.531469128263,-9813.656020245777,
-4017.7391869611124,749.1555730522452,647.5541088359321,-45.8195198943106,-1189.55359427977,-9920.820790105337,
-4034.9706809814784,753.3451069073116,651.4618483862326,-43.11464601999594,-1192.985144371718,-10027.985559964898,
-4054.2234678438886,757.3409255324525,654.6916658973805,-44.72046653980472,-1199.0096948327152,-10135.150329824459,
-4072.358258380799,761.2748784954975,658.3312733387221,-43.097812484708626,-1203.3932333227526,-10242.31509968402,
-4092.2530398798576,765.2722761648678,661.2907114183741,-44.26172468815983,-1209.742308152755,-10349.47986954358,
-4112.076101629966,769.3756529268461,664.2815429653217,-44.61669278262023,-1215.8274469388323,-10456.64463940314,
-4131.951940086512,773.5452358435504,667.2493012368733,-45.004673744363004,-1221.9574446722297,-10460.948345529601,
-4152.987818494523,777.7429400289279,669.6716370830136,-48.4533828143205,-1229.6665735380723,-10568.113115389162,
-4171.6549985846095,781.9497831815277,673.1262459093197,-46.61651313334799,-1234.3312649989532,-10675.277885248723,
-4189.348937808396,786.1600827600172,676.9041932827885,-45.17044906274973,-1238.4813364445797,-10782.442655108283,
-4206.319853900858,790.3461066359522,680.8778175239447,-42.873570865251764,-1241.8912659417967,-10889.607424967844,
-4225.540982309437,794.5339086954393,684.1203341096582,-45.058602594203435,-1248.0385876594237,-10996.772194827405,
-4243.35200422356,798.7370821878691,687.8628985349551,-43.14047898133914,-1252.1161681105598,-11000.886197178717,
-4262.070378969546,802.9582571438491,691.2987254288627,-42.435543840653395,-1257.1613632509475,-11004.886034970532,
-4281.173697961095,807.190647301517,694.5879590127796,-42.3458559409637,-1262.6380088557112,-11008.808582083557,
-4300.626280784667,811.4271207133796,697.7362347633057,-43.02926008562561,-1268.559833217402,-11012.7015324066,
-4318.9871115825945,815.6630511297237,701.2996291449148,-41.35187054127186,-1273.0743856614215,-11016.598468372007,
-4337.448149378777,819.8961266998286,704.8281266706718,-39.78588490487025,-1277.6901267581907,-11020.516106452844,
-4357.8960215442485,824.1251405691089,707.5358663131616,-42.64828148006404,-1284.8474390100655,-11024.462506066307,
-4376.79894929352,828.3494126648835,710.902583799658,-41.716171175326224,-1289.9491121450294,-11131.627275925868,
-4395.486259866638,832.5686962809758,714.3498276177528,-40.21849025169802,-1294.7356339096223,-11238.792045785429,
-4414.7581408082015,836.7835637223636,717.5719564670047,-42.50449115406747,-1300.942420348995,-11345.95681564499,
-4433.811066598783,840.9474690322572,720.880911575659,-44.69726346090903,-1306.9769939898824,-11453.12158550455,
-4452.707984412554,845.1001380580283,724.2499138624753,-45.8211830087106,-1312.6376400621598,-11560.286355364111,
-4471.036214181694,849.2712892297436,727.8245155439702,-44.614570498226705,-1317.2763890864717,-11667.451125223672,
-4490.22721197013,853.4707038664471,731.079061491418,-44.58114330485163,-1322.8275635009998,-11774.615895083232,
-4509.245964858827,857.688718109893,734.4013003177382,-43.95722352952035,-1328.0965767982336,-11778.636582347164,
-4529.737490165845,861.914487815426,737.088468851669,-46.85020815334526,-1335.29163640064,-11782.605411894909,
-4549.805928041591,866.1414339720669,739.970693121842,-48.67238176070262,-1341.9285489641475,-11786.566160847857,
-4569.550558379129,870.3667436240517,742.9955202127132,-49.649857858693224,-1348.126456710304,-11790.538134242212,
-4589.254683436202,874.5891378045941,746.0377656766606,-50.43676496522423,-1354.2465833117597,-11794.529826973176,
-4609.153290546524,878.8078495986829,748.9955210012937,-51.568987118336516,-1360.5900197097508,-11798.545945109892,
-4629.59521306663,883.0225368723944,751.7060565229701,-53.915884196410474,-1367.6160692619012,-11802.588183447562,
-4647.907513078127,887.2331848504145,755.2861081870244,-51.53615103169551,-1371.8633613286195,-11806.656075575753,
-4669.010024300883,891.4400109302413,757.6749944189413,-55.34965655795528,-1379.706827067785,-11810.74775633953,
-4689.191766636998,895.643378899292,760.5059359363715,-56.693852827740606,-1386.2992163429053,-11814.860580000279,
-4709.274070120708,899.8437276393555,763.3819225379658,-57.7103468805286,-1392.7379681858904,-11818.991582667182,
-4730.2184231610445,904.0415154665051,765.8498430924319,-60.81163733088857,-1400.2988380704855,-11823.137809043958,
-4750.510121257266,908.2371712988279,768.6303453754891,-62.19778739218705,-1406.977593876197,-11827.29657748163,
-4769.600338906104,912.4309943268498,771.9247213722258,-60.87051049518514,-1412.084485915593,-11831.466035112613,
-4789.633287287257,916.6233194361981,774.8228625628213,-61.54613428972323,-1418.3990953066566,-11835.644166760216,
-4810.556665009279,920.8146488400753,777.3011707650602,-64.39444469152724,-1425.8833623357837,-11839.828033982183,
-4830.393671599698,925.0052756252087,780.2859212097623,-64.57413729385334,-1431.930023533036,-11844.015934174171,
-4850.252067745723,929.1953773155702,783.2613225376515,-64.78857852149153,-1438.0007646104016,-11848.206840699384,
-4870.976946045935,933.3850779471566,785.8368281290128,-67.07912692809404,-1445.2086702663782,-11852.400039029115,
-4891.721604406965,937.5744712114478,788.4027385904639,-69.41092353184156,-1452.4406159316811,-11959.564808888676,
-4910.650084027714,941.7636301507783,791.7597164672268,-67.66937014264006,-1457.3089660223798,-12066.729578748236,
-4930.4418646849945,945.9526122642792,794.7641488013375,-67.70477527995392,-1463.2850570184928,-12173.894348607797,
-4950.293421318965,950.1414627847239,797.7425424258388,-67.8712411239025,-1469.3379571091984,-12281.059118467358,
-4967.570210078402,954.3307989697853,801.6382872116544,-65.2347115330966,-1472.8236830640283,-12388.223888326918,
-4985.262152459496,958.4030539336261,805.4168293690797,-63.59113929963116,-1476.9113944164924,-12495.388658186479,
-5005.17726042744,962.4445315692749,808.3673170583356,-66.39265244936212,-1483.6855207426784,-12602.55342804604,
-5023.542433949381,966.5280286119423,811.9292131075939,-64.62975251478343,-1488.1755421882558,-12709.7181979056,
-5042.912609343105,970.6774308965778,815.1114122017191,-64.360238536753,-1493.7814325911063,-12816.882967765161,
-5062.483019637169,974.8690373703943,818.2104831713581,-64.41692024033973,-1499.6134947513485,-12821.06524138028,
-5083.289547505375,979.0790335766384,820.7462515703878,-67.62312601824087,-1507.1038316393278,-12928.23001123984,
-5102.592339341689,983.2946733702361,823.955886540437,-67.29528249586126,-1512.6479017780562,-13035.394781099401,
-5121.251236548725,987.5117778653653,827.413518105418,-68.14144665814429,-1518.0764247755378,-13142.559550958962,
-5139.325250317801,991.6225505676412,831.0730160421396,-67.91795757284146,-1522.8292901711584,-13249.724320818523,
-5158.169901516537,995.7035548134357,834.4617917717335,-68.77717428445193,-1528.386265695906,-13356.889090678083,
-5176.131438384201,999.8192226850437,838.157417051155,-66.74633451941106,-1532.5247215770487,-13361.456091305414,
-5195.4362600354025,1003.9910875096655,841.3662295648684,-66.82076220486412,-1538.1822970672945,-13365.747669379361,
-5216.04836614937,1008.1981423909085,843.9960533309213,-69.86684861724271,-1545.4984158232064,-13369.837938717466,
-5236.2769551233705,1012.4193928558598,846.8055856823883,-71.96167076086978,-1552.3142047593756,-13373.837273761466,
-5256.538760967325,1016.6436651341336,849.5998652841675,-74.17640777840056,-1559.1828974426758,-13377.816303610252,
-5274.946124694586,1020.8670380444213,853.1471385982081,-72.25537830564596,-1563.6490961669233,-13381.801415191072,
-5293.713278282885,1025.088126644161,856.5649118853504,-70.96127667309446,-1568.5515500953293,-13385.801827681567,
-5314.556207793975,1029.3060559842138,859.0828543885035,-74.46295808388962,-1576.1386931798568,-13492.966597541128,
-5334.21415160806,1033.520382211945,862.144843351317,-74.89331706677224,-1582.132121465731,-13600.131367400689,
-5353.364422302591,1037.731491310724,865.4155607194295,-76.7502745551337,-1588.1499016401754,-13707.29613726025,
-5372.059357931197,1041.7899786494136,868.8600079246957,-77.6035801956034,-1593.6045189131146,-13814.46090711981,
-5389.18710936892,1045.7986065702582,872.7946187935221,-74.66643768565466,-1596.8811702251412,-13921.62567697937,
-5408.490898288889,1049.8539299844572,876.0038497885357,-74.94036887132096,-1602.5925112627883,-14028.790446838932,
-5426.771812717772,1053.9897634849415,879.5945887617388,-72.55694864435529,-1606.8180301542554,-14135.955216698492,
-5445.995425064746,1058.1763241833937,882.8361111819448,-71.83320421115305,-1612.195201188723,-14140.166228988124,
-5464.448377798421,1062.3841324274097,886.3674492917859,-69.69413572550508,-1616.6181818886218,-14144.251839740486,
-5484.766895344115,1066.5980922931221,889.135549374826,-71.70522066813028,-1623.4749236945784,-14148.29873832206,
-5503.4783356018825,1070.8131745069804,892.5739303087349,-70.14801934134209,-1628.2586836124028,-14152.338438786202,
-5524.372660348381,1075.0276189588212,895.0665898057223,-73.66470517621185,-1635.8853162618186,-14156.382234815708,
-5543.011429402894,1079.2402558152703,898.5315482359605,-71.91030052762059,-1640.5581046760456,-14160.437563394678,
-5563.494092914579,1083.4504038120385,901.2229009725943,-74.21258615312672,-1647.601212074772,-14164.508593657301,
-5583.984676362406,1087.6577610204913,903.9105144139637,-76.44580999106361,-1654.6325395337176,-14168.596995568438,
-5604.304263343268,1091.8622961002288,906.6781191499508,-78.16312758200178,-1661.4155639141816,-14172.702722710937,
-5624.851639051847,1096.0641568211265,909.33882182909,-80.36853695562925,-1668.4792057033214,-14176.824653487773,
-5645.797773911993,1100.263596672673,911.805858948448,-83.52646803825728,-1676.0551276169324,-14180.9610793343,
-5664.874161198707,1104.4609159673673,915.105651955195,-82.25311640928514,-1681.1694390571267,-14185.110072106789,
-5685.938305807668,1108.656394069775,917.5138251174038,-85.597281768544,-1688.8730153093009,-14189.269880807082,
-5706.059676547173,1112.85006686733,920.3721794876994,-86.5181311920536,-1695.313281255867,-14193.440210874951,
-5725.254644802216,1117.042162506264,923.6251434435262,-85.35956436730187,-1700.5417596729167,-14197.619666470144,
-5744.452965639098,1121.2334430823428,926.8767708454503,-84.18881268108129,-1705.7687660316153,-14201.803814341003,
-5763.564437654722,1125.4242338057259,930.1627989165606,-82.83424334961354,-1710.8813521800212,-14205.990774595084,
-5784.712611938978,1129.6146514982172,932.5286354128311,-86.24406036559458,-1718.6595949510659,-14210.17987269072,
-5804.179911608042,1133.8047507141337,935.6708103010371,-85.60032715080327,-1724.2236543871863,-14214.370793367476,
-5824.781111475105,1137.9945699127693,938.305852131708,-87.58256515659211,-1731.2683020237248,-14321.535563227037,
-5844.777836405758,1142.1841442471512,941.220167105285,-88.10002962566946,-1737.5156843646141,-14428.700333086597,
-5865.863726636809,1146.3735081769664,943.6174176812127,-91.31345312146033,-1745.202678667001,-14535.865102946158,
-5886.911347630801,1150.562695093481,946.033874771263,-94.42110767656317,-1752.8371492086872,-14643.029872805719,
-5906.462846629917,1154.7523158537042,949.1408982694938,-96.63732264469286,-1759.217979256663,-14750.19464266528,
-5925.985592473751,1158.63478404187,952.259972660453,-98.61532772728985,-1765.520002668586,-14857.35941252484,
-5946.173649745417,1162.4058279763078,955.0880352114025,-101.22264279772317,-1772.43501238547,-14964.5241823844,
-5965.076335842981,1166.2734616140706,958.4548446109459,-99.72877650780066,-1777.3653553751715,-15071.688952243961,
-5984.046153264078,1170.3095013168404,961.7959784302011,-97.85196681107108,-1782.2167427103989,-15178.853722103522,
-6003.459477984493,1174.4481834977855,964.9604655418141,-96.7974366248875,-1787.6227933054754,-15183.313206753988,
-6022.20711326573,1178.629241078315,968.3854812194568,-94.66872020362771,-1792.2427962925708,-15290.477976613549,
-6042.29902560389,1182.8244216837977,971.2571388768253,-95.56168436901584,-1798.6555359904282,-15397.64274647311,
-6061.438635375333,1187.025838018754,974.5320725046555,-97.09441856139837,-1804.5847011572769,-15504.80751633267,
-6079.301822778985,1191.0617159700248,978.2585525382426,-95.90761678979109,-1808.9236192666694,-15611.972286192231,
-6098.2745610636875,1195.0514769249583,981.5985627699793,-96.50881767063339,-1814.499264646805,-15719.137056051792,
-6116.195607181601,1199.0974659267092,985.3069745854293,-94.04408992351274,-1818.4619478331613,-15723.998020612944,
-6136.31389417599,1203.2325137158225,988.1667238061322,-95.6130753512473,-1825.0686628465646,-15728.474915272067,
-6156.509785774324,1207.4221041843684,990.9912116709398,-97.23110407186586,-1831.7412365886166,-15732.668742454405,
-6175.6799926684635,1211.633978814395,994.2540257482988,-96.59368475371419,-1837.1077247531714,-15736.728901267044,
-6196.422713937474,1215.8520090173452,996.8208767653226,-99.83372331387248,-1844.5618202422725,-15740.749484192422,
-6215.0191128101815,1220.0708633492432,1000.3011717409441,-98.15136823294824,-1849.2298511541749,-15744.76466645778,
-6233.685752199163,1224.2887223060613,1003.7559780260866,-96.57768110266457,-1853.9787970111445,-15748.786368453499,
-6253.268888358723,1228.5043994280236,1006.8496857334936,-96.8766787777719,-1859.8858957050102,-15855.95113831306,
-6274.04570295156,1232.7172191362984,1009.3999545632877,-100.02730007126644,-1867.3420308428113,-15963.11590817262,
-6290.818518992824,1236.9273937379855,1013.4200330060329,-97.00020106733908,-1870.3582267670047,-16070.28067803218,
-6308.331143446945,1240.824312270093,1017.2507869371707,-94.95770847469355,-1874.2015496256965,-16177.445447891741,
-6327.517393873824,1244.6004131788018,1020.5072231535846,-95.4417675269712,-1879.8900898385134,-16284.610217751302,
-6345.840983696079,1248.4705035851546,1024.0834140598047,-93.0800980241193,-1884.1511508933784,-16391.77498761086,
-6365.47921968451,1252.5102597118464,1027.1537908736602,-92.69020727415608,-1889.9035832754932,-16498.93975747042,
-6385.400146856127,1256.652723009471,1030.1017118881996,-92.83598899593079,-1895.9979034269388,-16503.380943370074,
-6404.856846473425,1260.8367510662658,1033.248282320272,-92.15347242299453,-1901.5435290728813,-16507.606162208012,
-6424.631455256597,1265.03400779217,1036.2601570691454,-92.36749242435033,-1907.5572610076933,-16511.755523975782,
-6445.62074471141,1269.2362950557463,1038.7057492145166,-95.73007116164118,-1915.2130040724498,-16515.874883998946,
-6465.87038678923,1273.4411817297757,1041.505621217471,-97.28565993385706,-1921.9065276620593,-16519.978465553824,
-6486.581635267036,1277.646799069329,1044.087726779026,-100.0282747354926,-1929.2172324831074,-16524.07757664609,
-6506.032491184007,1281.8518697117531,1047.2367175739796,-99.73176555254048,-1934.8698457489404,-16528.18003410003,
-6526.000606095956,1286.0556367517963,1050.1637550996381,-100.57580531842714,-1941.185041747047,-16532.29043566476,
-6545.574705140157,1290.257718277945,1053.2612724384928,-100.47004832475726,-1946.9744583438605,-16536.41103629539,
-6565.776981456025,1294.4579888788114,1056.082844570635,-101.77276798163587,-1953.5701842053415,-16540.542506087808,
-6586.329838878363,1298.6564849045901,1058.740940774359,-103.8894931511326,-1960.6153447247718,-16544.684540014598,
-6606.377196448741,1302.8533303956704,1061.6326279311618,-104.72363051569421,-1966.9820385738851,-16548.836324474076,
-6625.91848267451,1307.0486403335697,1064.7439373362222,-104.36843803439054,-1972.6789596507047,-16552.997116710376,
-6644.691389228105,1311.2421477654148,1068.1595712648214,-102.43237875841456,-1977.3806284823922,-16557.168406463566,
-6665.925534561603,1315.433956267123,1070.481733313861,-106.11370811543625,-1985.2846159695164,-16561.349516921666,
-6685.585105137523,1319.6251563365793,1073.5430289015355,-105.9123556945101,-1991.1049698279812,-16565.534127397877,
-6705.591944103995,1323.8161203416619,1076.4528353228814,-106.49038242622139,-1997.3755729133256,-16569.720093447722,
-6725.182857855939,1328.0068954111468,1079.5432605243984,-106.12834288833348,-2003.1040193733083,-16573.907143480847,
-6744.313731930007,1332.19745392234,1082.8216437858173,-104.80673847700517,-2008.2397412096009,-16578.095434932195,
-6765.702913306353,1336.3877684132613,1085.064136658599,-108.85793122235789,-2016.3411409998446,-16685.260204791753,
-6785.679795400896,1340.5778284775872,1087.9872803885748,-109.34243325973249,-2022.5660921454264,-16792.424974651312,
-6804.345667753478,1344.767640596533,1091.4423667553344,-107.14029022116281,-2027.1070559462046,-16899.58974451087,
-6823.860948621993,1348.9572235203748,1094.564561864242,-106.58596881647783,-2032.729336323965,-17006.75451437043,
-6842.582229486134,1353.1471801922917,1097.9993174798906,-106.80599100277594,-2038.0342231780717,-17113.91928422999,
-6859.95144900731,1357.193912820125,1101.870094964184,-104.52564393081829,-2041.7051981390773,-17221.084054089548,
-6879.778948929099,1361.1994145875383,1104.8589923035381,-106.9711515315992,-2048.3319495607343,-17328.248823949107,
-6900.17039705689,1365.2539929033574,1107.5931710759255,-109.66332322950646,-2055.4084586117156,-17435.413593808666,
-6918.894754837419,1369.3878002897588,1111.026791856123,-107.95324062681382,-2060.1520208597462,-17542.578363668224,
-6938.500381495704,1373.5718685292547,1114.1109978440627,-107.96411047109524,-2065.9952236586514,-17546.80335820798,
-6958.363649884836,1377.7776204299496,1117.0842659382108,-108.6949664379063,-2072.2088494233117,-17653.96812806754,
-6978.2866955149775,1381.9901975061252,1120.0312520906598,-109.6941059717848,-2078.5341699289534,-17761.1328979271,
-6996.458714256893,1386.2049143426755,1123.6585489862384,-109.35713854685024,-2083.320633180496,-17868.297667786657,
-7013.076801828327,1390.2414886325216,1127.7126707360678,-106.23204468018653,-2086.199627606651,-17975.462437646216,
-7030.927205467208,1394.21967238103,1131.4431105543433,-104.58147451969738,-2090.388417326679,-18082.627207505775,
-7049.412340171474,1398.2534975940353,1134.9631160570977,-103.18644754539551,-2095.073283176875,-18087.535695193717,
-7068.353264716947,1402.381781352514,1138.315335350088,-102.09323293586938,-2100.1521839426537,-18092.04454539949,
-7088.158447938145,1406.5679518590944,1141.3139471918707,-102.72906630948209,-2106.3009003662387,-18096.25775570498,
-7107.346102335876,1410.7774769371233,1144.5698245295657,-102.07261241810784,-2111.673562004123,-18100.332684563127,
-7125.853402354389,1414.993309265165,1148.0819845774322,-100.15138685488436,-2116.2053127130175,-18104.367549862076,
-7145.455063780118,1419.210053549161,1151.1678679336546,-100.52472679605117,-2122.1451423491876,-18108.396510065737,
-7165.484215791726,1423.4259948421636,1154.0677076365866,-101.8843529787016,-2128.636894357655,-18112.430671344948,
-7185.180715444195,1427.6399893377825,1157.1132216410626,-102.39385850088372,-2134.6778319034443,-18219.595441204507,
-7203.6424763094155,1431.851369544973,1160.6414649129456,-100.28823134632496,-2139.1179669296966,-18326.760211064066,
-7220.392736414322,1436.060341628931,1164.6666295948717,-97.20750965633844,-2142.0982732818993,-18433.924980923624,
-7239.041211942711,1440.2537753535698,1168.1280580672517,-98.39552014592537,-2147.607687745559,-18541.089750783183,
-7258.1481081182,1444.4496116932141,1171.4158857214525,-100.18850141152785,-2153.580004416246,-18648.254520642742,
-7276.030860515838,1448.6573525667293,1175.1362827694627,-98.3080906472745,-2157.7165273693304,-18755.4192905023,
-7294.601578353734,1452.8786437592112,1178.6258160031782,-97.18607071091807,-2162.5409633487525,-18862.58406036186,
-7314.289167175377,1457.1086868548907,1181.6751452697572,-98.32964200790614,-2168.7433201801787,-18866.523245477263,
-7334.831476611935,1461.3421168175132,1184.3382554832208,-101.61832342860184,-2176.0697195392145,-18870.438336211544,
-7354.39537689502,1465.5751340447712,1187.440066396539,-102.42608945686078,-2182.1000041985894,-18874.356393056845,
-7372.385479457639,1469.8055971648173,1191.1266009539677,-99.95000284741236,-2186.103359159482,-18878.292619869324,
-7391.109592834031,1474.0322786630807,1194.5603118982772,-98.72204880904066,-2190.9974633937077,-18882.255191863955,
-7409.451992948425,1478.2544837988046,1198.1300510654162,-96.65536818389496,-2195.3725805024937,-18886.248151352156,
-7428.263050031406,1482.4719537197811,1201.531444098402,-95.35318441154381,-2200.3016750622905,-18890.272391669063,
-7448.164777334856,1486.6847640337376,1204.487826344705,-96.30867523007568,-2206.6009682964345,-18894.326618353723,
-7467.794229745505,1490.8932252299328,1207.5619342564262,-96.50331674658784,-2212.5109588525243,-18898.40817733802,
-7486.78683782428,1495.097792255631,1210.8942868190384,-95.23694963517417,-2217.571653447332,-18902.5137096809,
-7506.8356554114835,1499.298989152006,1213.7853193740682,-96.19808832487585,-2223.9729297174445,-18906.63963119176,
-7527.816062736098,1503.4973508305468,1216.2353329862024,-99.41203543761318,-2231.5863991361975,-18910.782461458242,
-7548.453797296122,1507.6933760917889,1218.8528704690839,-101.66890029237227,-2238.7254819600807,-18914.939065029215,
-7567.163397698985,1511.887460268497,1222.2919285163725,-99.63081009123302,-2243.3512645929277,-18919.10700475026,
-7587.053196695416,1516.0800295316685,1225.253556986903,-99.98182344936795,-2249.4807022056043,-18923.28372632668,
-7608.0280682343655,1520.271502002627,1227.7063242770441,-102.96840649433435,-2257.0348009977342,-18927.46677090856,
-7626.81497053128,1524.4621626003604,1231.1167447080302,-100.99811114600777,-2261.7342807496093,-18931.654477288743,
-7646.663873520344,1528.6522165308181,1234.0962985904341,-101.18979846084017,-2267.7923204171093,-18935.845656931077,
-7667.4376052381185,1532.8418187398136,1236.6480693112098,-103.60174233748089,-2275.0644567030226,-18940.039417107997,
-7688.6105436723465,1537.031087910687,1239.00136244051,-107.04203080863041,-2282.867406530561,-19047.204186967556,
-7709.835149334335,1541.2201148933837,1241.3283886098757,-110.61210405744693,-2290.7379031501846,-19154.368956827115,
-7729.397367721953,1545.4089687742405,1244.430906997572,-110.1404562360864,-2296.415630923919,-19261.533726686674,
-7748.685742370646,1549.5977015924655,1247.646376459648,-109.092681205187,-2301.740073737709,-19368.698496546232,
-7766.055103881399,1553.7869347565654,1251.517115086631,-106.6048891162277,-2305.3388050376566,-19475.86326640579,
-7785.219446842701,1557.887479938855,1254.7822563356194,-108.31329044704744,-2311.329011715998,-19583.02803626535,
-7804.423748931469,1561.9680014273968,1258.031497517954,-109.48635012273152,-2317.2103562854213,-19690.19280612491,
-7823.962425228394,1566.0829087441075,1261.1439012246142,-110.386691330181,-2323.2478555173743,-19797.357575984468,
-7842.173238043456,1570.2495292051374,1264.7582678263675,-107.99545525052923,-2327.4249290018206,-19904.522345844027,
-7862.045677703223,1574.4496411046325,1267.7275167722187,-108.90176290945038,-2333.6912826140365,-19908.654763859595,
-7882.235758257855,1578.6645019958798,1270.5546564509193,-110.6760101561347,-2340.399672460769,-20015.819533719154,
-7900.602526490541,1582.8836709594918,1274.116001971113,-108.58061587191781,-2344.7810516541463,-20122.984303578713,
-7918.95063768834,1587.103531949116,1277.6837775488314,-108.7875838170995,-2349.832923891386,-20230.14907343827,
-7936.373990048388,1591.3054894093796,1281.5396296546032,-107.56312454704697,-2353.873370376165,-20337.31384329783,
-7955.183813797231,1595.5084415740876,1284.9414845297108,-108.96470328811392,-2359.5459145228533,-20444.47861315739,
-7974.430406541885,1599.7226566328236,1288.173791478107,-110.30572590966538,-2365.499027647622,-20448.52387887271,
-7993.590786057506,1603.95016720857,1291.4405044703822,-110.69537644067826,-2371.144815125688,-20452.480729735245,
-8013.496102691694,1608.1858504113793,1294.3953065083542,-112.59276198519049,-2377.688693714418,-20456.379475080237,
-8031.831237419884,1612.4240769399626,1297.9675404731029,-110.94242101547967,-2382.1949561901893,-20460.25944816809,
-8049.637507406876,1616.6610560124575,1301.7115603289435,-108.32104064268395,-2386.026465119551,-20464.148672650612,
-8068.114002970235,1620.8947740864764,1305.2346148151976,-106.80277896800479,-2390.667362203636,-20468.06168782916,
-8086.7603998107425,1625.1241418062896,1308.696799763041,-105.49498033965881,-2395.4856181974556,-20472.00561256809,
-8106.479467241229,1629.3485596950823,1311.7326306128246,-106.38249053212576,-2401.642475051653,-20579.17038242765,
-8124.64228443184,1633.5678401812204,1315.362979190363,-103.93904642993569,-2405.769689753286,-20686.335152287207,
-8142.475931258221,1637.7826015250118,1319.098591653264,-102.88625304652409,-2410.1288723364896,-20793.499922146766,
-8160.889973992519,1641.9941134691653,1322.643539099899,-103.7199723363069,-2415.3897657421176,-20900.664692006325,
-8178.715733600444,1646.2098051703344,1326.3815792623336,-102.75517013061372,-2419.769500304837,-21007.829461865884,
-8198.11101674541,1650.4329681436416,1329.5534856623433,-104.32009404697128,-2425.8807130407895,-21114.994231725443,
-8216.125354483876,1654.6631827622602,1333.2322624089672,-102.24146578790945,-2430.0376097204908,-21222.159001585,
-8234.02358858982,1658.897733959847,1336.9478265831408,-99.77175778017171,-2433.983736248517,-21226.06599129713,
-8254.424669606617,1663.1335397287794,1339.6775036085105,-102.77172215978487,-2441.1421396538603,-21229.96383997291,
-8273.736058454519,1667.3680836365509,1342.8836534664963,-103.04495543166868,-2446.85842331268,-21233.8708825614,
-8293.503185508718,1671.5996169323155,1345.8987655660828,-104.28719129788568,-2453.14061969893,-21237.799534365447,
-8312.916834173075,1675.8270158838923,1349.0631192834717,-104.56020562927435,-2458.925940531274,-21241.757157254895,
-8332.83885400968,1680.049664006296,1352.0105581435896,-105.87669210662776,-2465.333199533179,-21245.747146126272,
-8352.173283794395,1684.2673653589895,1355.2073454976774,-105.67725386114863,-2470.9347222567717,-21249.769877097046,
-8370.964063203457,1688.4802482289629,1358.6163194540009,-104.21867999444288,-2475.8019533330653,-21253.823642569427,
-8391.428050455743,1692.688667593125,1361.3164767897447,-106.41828102590036,-2482.8064756194553,-21257.90546152957,
-8412.019320409237,1696.8931154051702,1363.9562641552186,-108.81564327079005,-2489.948461411334,-21262.011720660186,
-8432.633049083346,1701.0941456558521,1366.5853110810247,-111.16381587825919,-2497.0937441443334,-21266.138642079914,
-8452.974314996361,1705.292317454668,1369.3428611619884,-112.7442601251695,-2503.8566695818813,-21270.282597037105,
-8473.980030159644,1709.4881550605721,1371.7802662904642,-115.94567595984131,-2511.4847536007396,-21274.44030071115,
-8494.74390839714,1713.682116963853,1374.3368340841212,-118.46198579409815,-2518.7760320147454,-21278.608951349943,
-8514.826931649428,1717.8746131271723,1377.2124965953876,-119.25976195820421,-2525.157437081859,-21282.78609525519,
-8534.337706489683,1722.0659968722005,1380.3365738480093,-118.74010638087846,-2530.786691461951,-21286.969650071765,
-8555.624880936037,1726.256544486581,1382.6316164592126,-122.52411958523271,-2538.752536687417,-21291.158003959536,
-8575.130698658091,1730.4464712467525,1385.75776288771,-121.95802384154487,-2544.3650412872457,-21295.349910568653,
-8594.21984559978,1734.6359438430966,1389.0525586777835,-120.53015486101454,-2549.439927867091,-21299.544410295617,
-8615.464033655877,1738.825089868228,1391.3695953141744,-124.15603066192453,-2557.3376019876746,-21406.709180155176,
-8636.178449694688,1743.014005702603,1393.9501679022806,-126.39718233322851,-2564.5258727781165,-21513.873950014735,
-8655.288086451077,1747.2027631475894,1397.2369178984316,-124.99336349954555,-2569.6219082863504,-21621.038719874294,
-8673.999603859042,1751.3914149213094,1400.6752704343116,-122.84784611607374,-2574.2123920537542,-21728.203489733853,
-8693.528815360514,1755.5805824602191,1403.791639213062,-124.99436413312317,-2580.5607202325027,-21835.36825959341,
-8711.424960828172,1759.523034223009,1407.507856390929,-123.44817835142388,-2584.811978201968,-21942.53302945297,
-8729.048568883023,1763.381030239713,1411.3065761478829,-120.76177710432071,-2588.501679559648,-22049.69779931253,
-8748.796669833091,1767.3178989278636,1414.3299063852576,-121.31691735543258,-2594.5899466599158,-22156.862569172088,
-8768.265390009514,1771.3896081517985,1417.471491721863,-120.64949143926273,-2600.14805715996,-22264.027339031647,
-8788.652828831973,1775.544474984276,1420.2075427042596,-122.01087451516118,-2606.8862104230047,-22268.407079617777,
-8808.90172384841,1779.7341672407858,1423.0077579134863,-123.2454301050394,-2613.496198876087,-22375.571849477335,
-8829.300637713897,1783.9353694144081,1425.738448148105,-125.05848600869616,-2620.3582591575623,-22482.736619336894,
-8846.344502161834,1788.141360130791,1429.6941691896088,-122.36304506134174,-2623.6736611985593,-22589.901389196453,
-8863.371432322803,1792.1262811885354,1433.6540841159087,-119.63478169337048,-2626.966114780742,-22697.066159056012,
-8881.574998278855,1796.0393245716916,1437.2708740197954,-118.39854330269009,-2631.5137926290836,-22804.23092891557,
-8901.568757972029,1800.0233392732587,1440.1865097289694,-120.09251098770709,-2638.0669202170193,-22809.3250004791,
-8921.721748331793,1804.1259148139436,1443.0305315902594,-121.47119351157848,-2644.6485029117603,-22813.950522405146,
-8942.861314104786,1808.3002870494283,1445.4007213443629,-125.24022826417897,-2652.5072759510886,-22818.228661333145,
-8963.302733666604,1812.503624589168,1448.111493131757,-127.34278357850471,-2659.471854042455,-22822.34166949225,
-8981.688856347697,1816.71537068702,1451.6661433891188,-125.11283551441848,-2663.81986017049,-22826.4026409259,
-9001.631956814104,1820.929194372613,1454.604266947013,-126.19826905710343,-2670.1814899745345,-22830.450409954767,
-9021.7428176013,1825.1430885472696,1457.4673730635373,-127.69236982322215,-2676.763902919892,-22834.497728504623,
-9040.248117164678,1829.3556796037747,1460.9802425172495,-125.69195053998585,-2681.2680321541275,-22941.66249836418,
-9060.346426017551,1833.5661322683068,1463.8490156099365,-127.04789833865298,-2687.8062334040555,-23048.82726822374,
-9077.633565743105,1837.7745320400156,1467.7419970418969,-124.80546788152002,-2691.4373366776986,-23155.9920380833,
-9095.788288236756,1841.7789172056284,1471.3750253693431,-124.23103668266113,-2696.1458037554366,-23263.156807942858,
-9115.77188014793,1845.7132617169264,1474.295186138521,-127.13232706117327,-2702.9914050386706,-23370.321577802417,
-9136.455919995211,1849.7100355318478,1476.8904382410674,-130.52755672148095,-2710.4421307830557,-23477.486347661976,
-9156.485088296213,1853.8153576016105,1479.7902706577677,-131.5194710297781,-2716.838074352896,-23584.651117521535,
-9177.20143344371,1857.9878716397902,1482.3699093803339,-134.07207440074168,-2724.105363920209,-23588.939227398852,
-9196.178411560692,1862.1882037233636,1485.7082876939444,-132.75939334435756,-2729.141424284873,-23593.07032965424,
-9215.502927020447,1866.3970219053997,1488.9091075841334,-132.2899218765327,-2734.6597975785294,-23597.14966784532,
-9234.759290222939,1870.6082441908322,1492.1374866884994,-131.73933608137173,-2740.1091210736736,-23601.213945396237,
-9255.135853106713,1874.8198537072274,1494.8786120340649,-133.8203470196772,-2747.0235022448505,-23605.275779747317,
-9274.860195271252,1879.0304416456404,1497.9121754152761,-134.29344972404124,-2753.0735520055887,-23609.344049138155,
-9295.363264677711,1883.2391440515976,1500.593887035069,-136.60117112559482,-2760.132131997396,-23613.424108001997,
