HighCarbIm_Fm1,CarbCountingInsulinIm_Fm1,VeryLowCarbIm_Fm1,LowCarbIm_Fm1,NormalCarbIm_Fm1,SlidingScaleInsulinIm_Fm1,
0.0,0.0,0.0,0.0,0.0,0.0,
78.21904544732196,92.46176391501487,99.53972637556882,96.45361911306173,91.48552533414346,92.46176391501487,
156.6175435017996,184.65186831371454,199.12885991255013,194.334279706374,183.52434273183022,184.65186831371454,
233.7731647553082,276.61200173396793,298.3278229637889,290.70436352905676,274.2848287889233,276.61200173396793,
308.9751388733108,368.3879486688919,396.7119195321141,383.2923197384614,362.73193521526423,368.3879486688919,
385.25520357818004,460.0254624149159,495.57368328821417,479.180019823391,452.7695115515163,460.0254624149159,
459.8467137084899,551.5661072909712,593.6595574842197,571.4160506995269,540.7059231708098,551.5661072909712,
534.3397423583585,643.0441819357059,691.6955633975597,663.7260967313359,628.5913546127707,643.0441819357059,
610.6918185588356,734.4859030636547,790.5868526981343,760.594879815596,718.9637878333942,734.4859030636547,
687.187670464032,825.9100058988618,889.536155343806,857.8157881547008,809.5416746385317,825.9100058988618,
761.716660091063,917.3290159049932,987.5904261431461,950.533029787611,897.5516491015768,917.3290159049932,
835.8678590424028,1008.7508284045922,1085.4496902982,1042.2334875114584,985.0503259700014,1008.7508284045922,
911.7038496125635,1100.1801159445401,1184.122633821472,1138.0653906767122,1074.7720208339874,997.2860585450322,
987.9224001752423,1191.6191507669719,1282.9589308031932,1234.6733200978997,1164.9762821522168,985.8212886854723,
1062.9337122286406,1283.0685453079025,1381.2519397702831,1328.464968242642,1253.5898722656796,974.3565188259123,
1137.3779039478597,1382.9497849600732,1479.263039768029,1420.7460670547096,1341.434093200964,962.8917489663523,
1222.8715541546644,1482.8366939836085,1578.0127383408233,1520.0384630469205,1438.1589927879093,951.4269791067924,
1312.918373742432,1582.5522849603676,1670.6026244677578,1617.4501353122694,1537.7262064533766,939.9622092472324,
1399.8612978515177,1682.2926284697742,1768.133937257022,1717.398553644423,1635.5257321084468,928.4974393876724,
1483.6785179046515,1782.1643987275813,1867.7209156464176,1817.1690929507395,1731.6052737351192,917.0326695281125,
1563.6351824473563,1882.137184353488,1967.6285315811676,1914.1879517525103,1824.3710121478268,905.5678996685525,
1643.913421929132,1982.1367447168836,2067.5749154438804,2012.8535174062342,1917.8725282563496,998.2036878775334,
1723.119143486782,2082.1336569053597,2167.354833485454,2109.3933664969845,2010.0228219982646,986.7389180179734,
1802.7022823636523,2182.1264837039976,2267.2052396657723,2206.382066888742,2102.542704023688,975.2741481584135,
1893.8279190842015,2282.1175655164084,2356.9487478922233,2304.832608396391,2202.2863065989623,963.8093782988535,
1987.8497127645037,2382.096874352097,2433.5256535373405,2395.124936976294,2302.104110454277,952.3446084392936,
2078.4275323477073,2482.06991970639,2524.8106683420983,2494.8070192612277,2401.5754650417693,940.8798385797336,
2165.385244616542,2582.0667169664885,2622.3267018454835,2594.7757678355347,2499.5822517164443,1033.3914741146714,
2249.6867725212733,2682.05644842122,2721.725610026622,2694.7667554512973,2596.1623851840327,1126.44360999782,
2331.315798304087,2782.0097290499657,2821.718494664647,2792.9624120975413,2690.320666455159,1219.8728629131294,
2412.058650833002,2881.937506467749,2921.702843838941,2889.6521369507877,2783.4887066898,1313.470489562934,
2495.259922981055,2981.8598514565883,3021.473379546879,2989.6107600000378,2879.4157495160616,1407.0995788638363,
2577.9646304255,3081.7875232570045,3121.3502127543893,3089.333542722983,2974.8483464077353,1500.6978292187573,
2658.8581097172787,3181.7256888896964,3221.342093246504,3186.6878850676285,3068.2980439257276,1594.231505520894,
2740.437973910015,3281.677279251049,3321.3368367457515,3285.527846831983,3162.6545807636703,1687.6732576809948,
2822.2606701125524,3381.643088666795,3421.319593608885,3384.960275568478,3257.413575071992,1676.2084878214348,
2910.564449727524,3481.6213140045384,3517.155346877658,3483.7925779218576,3356.3142461784882,1664.7437179618748,
3000.0091667792094,3581.6193877541414,3611.0299452856616,3581.8236457506164,3455.6747326601835,1653.2789481023149,
3087.380868438603,3681.6188752346534,3708.0919512349883,3681.640579295494,3553.971788478541,1641.814178242755,
3171.6686409956883,3781.616360528294,3807.4967641442536,3781.4960312634007,3650.3677283550755,1630.349408383195,
3252.220427602733,3881.607267745661,3907.4681528178417,3878.1414235006014,3743.4037952065737,1618.884638523635,
3331.676718393516,3981.591672441723,4007.296259672379,3973.792691490993,3835.4764169219015,1712.0151957673202,
3413.298232790893,4081.5744418117056,4107.289446804107,4073.372466342783,3930.1984337854387,1805.1669190605578,
3493.940413759483,4181.55995705599,4207.267436637326,4171.826034764416,4023.8453550886597,1898.2824379819806,
3573.977584610126,4281.550104673499,4307.1856868697805,4269.494249739622,4116.8564494307275,1991.3276376788701,
3655.0809414400824,4381.545009361931,4407.1840107298685,4368.985647818609,4211.223526423732,2084.279212414402,
3734.600364810108,4481.543546493845,4507.023394503334,4466.484829161106,4303.855615704135,2177.1184852221572,
3814.5221440407367,4581.543544841417,4606.926212744155,4565.109014055959,4397.121281206086,2269.831163255075,
3894.481827360446,4681.5420820797935,4706.834238473324,4664.1752208149765,4490.590437439101,2362.406899312701,
3972.353550158029,4781.535796301301,4806.271504202982,4760.007629700292,4581.675267572454,2454.838778972649,
4050.092430715809,4881.5211662660595,4905.667261894973,4856.213792069817,4672.775495785606,2547.1227946668773,
4128.778818184504,4981.49485122908,5005.330458982123,4954.748485398358,4765.231633080586,2639.2586129028705,
4204.731727373147,5081.454849981907,5104.054224957476,5048.106336248216,4854.385589521995,2731.2571724139457,
4280.2173172117145,5181.400727932995,5202.570249745364,5140.888718460211,4943.076509477117,2823.1359589632048,
4357.617954076781,5281.3332864308995,5301.854714756933,5238.4724240631995,5034.368872588334,2914.914615386601,
4434.263803950705,5381.254253595078,5400.863192589458,5334.882466388582,5124.801131123057,3006.613395234726,
4510.711804473199,5481.165887852948,5499.793326682889,5431.131186540867,5215.054199163903,3098.2517171542167,
4585.740230519263,5581.070289267803,5598.094589200491,5524.229636176311,5303.505858965841,3189.845175274334,
4662.4319945726165,5680.969268975328,5697.120901498168,5621.298600064095,5394.166423775385,3281.40601233783,
4739.086564980874,5780.864313005647,5796.132776773334,5718.385876760543,5484.807948390593,3372.9436663637975,
4813.735522126699,5880.756588911948,5894.247519467051,5810.875349324392,5572.845998902462,3361.4788965042376,
4890.399154033518,5980.646981105574,5993.262919998712,5908.085124654962,5663.5319370473735,3350.0141266446776,
4964.849302575357,6080.536139029422,6091.277064089515,6000.14378277453,5751.326567448982,3338.5493567851177,
5040.423543267541,6180.424526616796,6189.8334325034175,6095.056931405002,5840.61885840122,3327.0845869255577,
5129.98013060493,6280.317907608311,6283.4837013182205,6195.014929883543,5939.665316977571,3315.6198170659977,
5223.107768615893,6380.222919493253,6365.299695979603,6293.574038219315,6039.657291876415,3304.1550472064378,
5314.257761242738,6480.1869376795385,6454.969585553153,6393.2931458796465,6139.268402276062,3292.690277346878,
5401.108343115723,6580.185519233658,6552.594891900515,6493.291783751205,6237.123368854779,3281.225507487318,
5484.5534407584855,6680.174891212457,6652.299878259591,6592.941584320634,6332.922446354607,3269.760737627758,
5565.171196295591,6780.133706948808,6752.276167048161,6689.657364786896,6426.019255196325,3363.1472788359292,
5646.602031854417,6880.0660331538065,6852.274816717317,6787.831356517126,6520.050839077792,3456.717559297156,
5729.530555586837,6979.984891161068,6952.108135082205,6887.638082074149,6615.669560879052,3550.3662174430497,
5821.305270889128,7079.9003005075365,7039.724004022852,6984.590013645141,6715.582691801,3644.033784099761,
5914.848162283721,7179.841089430556,7119.277452915251,7079.787677797304,6815.553297907488,3737.550410366331,
6005.530911612541,7279.7758998132595,7210.283441736074,7179.643584067527,6915.005569246105,3831.1053358449667,
6093.664969561874,7379.687216148254,7306.365289504844,7279.187327232325,7013.704972677598,3924.7948062139403,
6178.600416652692,7479.567950583715,7405.454069896509,7379.131872925795,7110.526802987991,4018.6327963862273,
6262.401833919001,7579.428341240246,7505.046515292826,7478.967024862879,7206.6463830713255,4112.558116020425,
6344.019112580882,7679.284887291747,7605.039870059131,7576.02276432824,7300.456705045824,4206.499123641463,
6425.658581233871,7779.150450245577,7705.032323042439,7673.300530853675,7394.342891339097,4300.402951705447,
6507.027886076486,7879.032423612065,7805.031836475333,7770.3429074037385,7487.997242279211,4394.235364861869,
6590.5769236058495,7978.934771959952,7904.706086581681,7870.33181937991,7584.1744469748355,4487.970968901634,
6671.524569532212,8078.859139574289,8004.700085834731,7967.443984281426,7677.58785547402,4581.588487846254,
6751.830952744422,8178.805060245393,8104.649385888593,8063.817894503413,7770.395444875369,4675.070544911023,
6844.925774652402,8278.76840181821,8186.632991757379,8161.680782786812,7870.392733657665,4663.605775051463,
6939.94325180724,8378.734263344562,8255.379765009631,8257.336056625325,7970.105712189942,4652.141005191903,
7033.4415282097725,8478.66791562622,8335.18953320595,8351.167163555001,8070.063677027799,4640.676235332343,
7120.446998415602,8578.647338536197,8432.655790958119,8451.021329931607,8167.809583777367,4629.211465472783,
7203.4249006836435,8678.644643304688,8532.478548612115,8549.557041954635,8262.877080526625,4722.097199231896,
7285.037282373714,8778.605350137528,8632.472094538052,8647.67609251102,8357.000450755591,4815.468453859249,
7366.864264658872,8878.534375622598,8732.454576058191,8746.334335014115,8451.436029126198,4909.058672532263,
7447.5322544877135,8978.455019188228,8832.434296424119,8842.77260304384,8544.489016278503,5002.697368582094,
7529.835622978168,9078.379638052216,8932.371892923713,8942.073431324676,8639.463302217282,5096.313438587699,
7611.701210507805,9178.313790864013,9032.35179331733,9040.969824446256,8734.01121895305,5189.87245889252,
7693.775293581586,9278.260919869695,9132.314570102431,9140.347035289291,8828.888911931796,5283.346123098397,
7775.500450792045,9378.222340265504,9232.302990789112,9239.583603138608,8923.496642274571,5376.711508480345,
7855.179093009305,9478.19747131955,9332.169237167505,9335.705613607532,9015.836566446369,5469.950431336279,
7935.32672992753,9578.184192704814,9432.101075517008,9433.373174826387,9108.916641130145,5563.048923725956,
8015.284246583336,9678.179254368944,9532.00880721162,9531.262143739534,9201.948081514398,5655.996760559593,
8093.740657049613,9778.178684004113,9631.613359221385,9626.742573762938,9293.324221080453,5748.786998306953,
8173.252594190081,9878.178151664428,9731.451424211442,9724.994429844824,9386.198443478626,5841.41548700795,
8251.05547536322,9978.173255272048,9830.867337111578,9820.519564273543,9477.155040230322,5933.880150964623,
8328.014013002901,10078.159589589086,9929.994638173892,9914.855817639418,9567.238259473117,6026.178631899371,
8404.26155063663,10178.13313298336,10028.842963806825,10008.257292123686,9656.604934997415,6118.31287564355,
8480.602931728154,10278.092068277678,10127.72988766382,10102.633263414282,9746.280036021715,6210.301784545121,
8556.42648603488,10378.036247571661,10226.39737953919,10196.350519128306,9835.434536035566,6302.167208029725,
8631.982062192294,10477.96682940703,10324.945289854502,10289.90876677865,9924.36498903419,6393.9318188461475,
8707.512166002613,10577.885776577357,10423.481626115568,10383.805476692005,10013.363111900911,6485.617246543458,
8784.475709514407,10677.795343606584,10522.610778681521,10481.149092098478,10104.29024814897,6474.152476683898,
8859.854341658347,10777.69771176326,10621.077558404788,10575.192970977061,10193.221627541743,6462.687706824338,
8936.757919445448,10877.594786133033,10720.184425416353,10672.709236587145,10284.164932395614,6451.2229369647785,
9012.82486293082,10977.488118104315,10818.95700291652,10768.614499270187,10374.06360083264,6439.7581671052185,
9090.546642650714,11077.37946026447,10918.347325898258,10865.660571835646,10465.397185273643,6428.2933972456585,
9168.992041326814,11177.047831002272,11017.948966103888,10963.998787678689,10557.626267276406,6416.828627386099,
9244.520451531884,11276.640736927988,11116.484531566999,11056.798220492952,10646.350953512218,6405.363857526539,
9320.385797271565,11376.304205911425,11215.170308598501,11151.662612507564,10735.829037696278,6393.899087666979,
9396.196829562412,11476.088708964427,11313.832302380017,11247.036189305472,10825.40686798544,6382.434317807419,
9473.169782140909,11575.948597924702,11412.964930658552,11344.850814501286,10916.495589664828,6473.780119574093,
9548.302873186689,11675.840405906381,11511.31633835502,11438.481946726899,11005.1527661265,6462.315349714533,
9625.259062564493,11775.742810353815,11610.442770316386,11535.97755730946,11096.124061900557,6450.850579854973,
9713.947487445137,11875.652870256894,11705.679518878696,11634.500494768507,11195.198555910243,6439.385809995413,
9805.710945896499,11975.569548418845,11793.335403093644,11728.659523852477,11295.159290298998,6427.921040135853,
9894.218762965435,12075.531895344971,11888.860739839052,11828.652502829824,11393.772304705857,6416.456270276293,
9977.874557419687,12175.526640000755,11988.501640394516,11926.953587382468,11489.152955631394,6508.912069529037,
10059.579025161145,12275.524925321854,12088.491115023862,12025.519185844838,11583.482334538137,6601.762104885324,
10140.385234921701,12375.50961985431,12188.478923997121,12123.758071676142,11677.15526071778,6694.888792413163,
10221.404667496701,12475.480183900982,12288.475244497522,12222.240935638825,11771.042717955857,6788.173190786568,
10303.174607078417,12575.443379506063,12388.461207647959,12321.56508738312,11865.717455557526,6881.523720125753,
10384.48464223594,12675.406309114418,12488.461144447832,12420.283918101095,11959.866488528778,6974.876499297319,
10466.60251119056,12775.374106584402,12588.419632760571,12520.015386158051,12054.971968844799,7068.186652842183,
10548.123803258171,12875.3497463535,12688.416220007732,12619.332800777871,12149.497308035017,7056.721882982623,
10629.571431503613,12975.334097461975,12788.414558381448,12718.798265210724,12244.053767992247,7045.257113123063,
10714.143083294013,13075.325998014281,12887.6905573816,12818.796189342327,12340.855090051642,7033.792343263503,
10798.726108591773,13175.325861421517,12986.961086182315,12918.755537320234,12437.51657273788,7022.3275734039435,
10881.622859766503,13275.32546486155,13086.801014453249,13017.928800381238,12532.775436892758,7010.8628035443835,
10961.453688593772,13375.324954287209,13186.690790361365,13113.797122524567,12625.145868105063,6999.3980336848235,
11041.731646118382,13475.324756290991,13286.63714461449,13212.274182012017,12718.577301266543,6987.933263825264,
11121.561407608326,13575.3245603539,13386.526762907817,13310.743974751369,12811.728304452068,7080.593188927666,
11201.619559193976,13675.32384437471,13486.447683645754,13409.821152021328,12905.262765700681,7173.208887011971,
11281.64829451067,13775.321434639229,13586.364848376206,13509.066147722653,12998.856452101421,7265.746781204546,
11359.017993372368,13875.315532670562,13685.6387401229,13603.691037066445,13089.289733161666,7358.187328635634,
11436.4116030939,13975.303877150007,13784.920809274086,13698.909595520086,13179.892791395292,7450.517643979474,
11514.436853251591,14075.28383997921,13884.40446034055,13796.018001566232,13271.443758641268,7542.727905576402,
11591.133007358507,14175.253086724857,13983.432470966056,13890.760837950522,13361.453901353332,7634.8161342794965,
11668.727783770595,14275.210346166441,14082.78178698425,13987.966238469064,13452.753109312216,7726.79007095281,
11745.788525744121,14375.155425444182,14181.946567737135,14084.510324271858,13543.500963024466,7818.662550462577,
11821.747516746862,14475.089037691909,14280.672955950806,14178.958315129888,13632.934069792349,7910.448772426232,
11898.580017611419,14575.012475973372,14379.753109263793,14275.686509474239,13723.584547765808,8002.164101788049,
11975.012688921868,14674.92730464732,14478.677073191822,14371.814149394582,13813.79265154507,8093.82277146358,
12052.220176026673,14774.835117598172,14577.894470798623,14469.64450462474,13905.040771728725,8185.437189871545,
12128.66910240423,14874.737337751196,14676.824977100485,14566.142237172158,13995.3668819983,8277.017425037504,
12205.09875021774,14974.63525142121,14775.747722353442,14662.707438430662,14085.699983381417,8368.57194266745,
12282.232165217933,15074.530057388041,14874.938738238216,14760.681413220162,14176.94916459902,8460.108207169433,
12356.674795267661,15174.4226426892,14972.949039896115,14852.613736725674,14264.70814550563,8551.631578268702,
12432.257078037752,15274.313659294761,15071.509046777297,14947.474615917796,14353.992034093242,8643.14591415597,
12507.931433332627,15374.20358874987,15170.11045495111,15042.580597838298,14443.40430240915,8734.654022948467,
12583.897329245536,15474.09278396182,15268.83981770952,15138.368274994671,14533.20160026019,8723.189253088907,
12659.22640127595,15573.981500088265,15367.28356963311,15232.685716466887,14622.169310028634,8711.724483229347,
12734.868874575333,15673.869918638846,15465.87069497758,15327.7578095098,14711.550716960219,8700.259713369787,
12810.865146893335,15773.758166321171,15564.61311085472,15423.636557906837,14801.394135625073,8688.794943510227,
12895.810661294789,15873.649275410691,15663.696343323027,15523.61386854213,14898.442166242803,8677.330173650667,
12980.625961328711,15973.378714202432,15762.849787970397,15622.678649400948,14994.721792245158,8665.865403791107,
13064.78722160222,16073.113185065667,15862.307335512101,15722.115823584743,15090.80174846856,8654.400633931547,
13147.090355861908,16172.958577084173,15962.244961202234,15821.794102505599,15185.977494060731,8642.935864071987,
13226.413236417651,16272.905858257614,16062.048087497365,15919.304222208708,15278.488135364802,8631.471094212427,
13305.614029757542,16372.89376051348,16161.827003541308,16017.39565777111,15371.110534204277,8723.794191401863,
13384.512251043394,16472.891340737515,16261.540489736428,16114.818701353137,15463.32284748534,8712.329421542303,
13463.208235595384,16572.89048784114,16361.206043279419,16211.641830218243,15555.224857353165,8700.864651682743,
13550.087342488117,16672.889802125224,16458.802573630805,16311.29447962645,15653.382550336735,8689.399881823183,
13637.10862377049,16772.834331760914,16556.25220625472,16411.27635536643,15751.265382437015,8677.935111963623,
13721.896515927376,16872.76333551075,16655.42000582667,16510.259968586586,15847.500733041545,8666.470342104063,
13803.872294102139,16972.727384913003,16755.391530578196,16608.119748637724,15941.76152301742,8758.506819116154,
13884.000217468838,17072.72279777704,16855.321029785868,16705.26254532826,16034.671299518883,8850.97937927069,
13962.620950003675,17172.722350688266,16954.967909497016,16800.306491954052,16126.042631160295,8943.760247617882,
14041.58056597089,17272.718717312182,17054.695287980267,16896.257308890275,16217.872406891654,9036.674311563876,
14121.748574319197,17372.714501625273,17154.62950415721,16994.567499385066,16311.176529603783,9129.604101901366,
14200.518496753828,17472.711626558317,17254.31296506497,17090.282507095246,16402.819885806875,9222.495614711797,
14280.806972028167,17572.710491865808,17354.2604185487,17189.107932259234,16496.389974994316,9315.319337132225,
14360.979178344878,17672.710442028172,17454.195119744432,17288.031448195197,16589.928652420345,9303.854567272665,
14439.825897106182,17772.709840028823,17553.89671377536,17385.09089841243,16681.997487653927,9292.389797413105,
14519.73261587378,17872.70642452052,17653.797425562465,17481.025021176545,16774.43379406972,9280.925027553545,
14601.01578113045,17972.62161306688,17753.797423107604,17579.585457297682,16868.508548084777,9269.460257693985,
14681.408921236565,18072.485191485823,17853.75522036941,17677.87884265896,16961.94609920587,9257.995487834425,
14759.879414796827,18172.364348455583,17953.363482622884,17774.507224461307,17053.64552135307,9246.530717974865,
14837.104992042685,18272.287160444484,18052.587267918938,17869.996755655444,17144.208391658532,9235.065948115305,
14913.305623078735,18372.235250559777,18151.416103982265,17963.822673270886,17233.648312053607,9326.962434520152,
14990.21315280345,18472.190364276954,18250.52444680711,18059.59808594661,17324.076215789886,9418.917598455066,
15066.2626903415,18572.143286032006,18349.289622569046,18153.51897041398,17413.436709048547,9510.854015397164,
15142.629274643765,18672.091154889156,18448.18682266337,18248.41524124092,17503.263896666766,9602.748715825568,
15218.164361077603,18772.03322389274,18546.725425716824,18341.482888854945,17592.058722173464,9694.597799297537,
15293.73778677944,18871.9690105604,18645.28142520675,18434.89388541153,17680.964778639693,9786.399810828465,
15371.355451137926,18971.898348884297,18744.63821486098,18532.9421529421,17772.556114171726,9878.15568027296,
15448.706755619241,19071.82137710823,18843.905789412474,18630.677721333475,17863.86642837253,9969.8682465685,
15526.077554987049,19171.73848404576,18943.18005837955,18728.586706797236,17955.24839448228,10061.54164286385,
15602.460536045653,19271.650235041834,19042.083923452657,18824.692362026337,18045.4168425895,10153.180702388381,
15679.521929131122,19371.55729486705,19141.24894079612,18922.276859705,18136.48660903706,10244.790463566062,
15754.326700633259,19471.4603563819,19239.44115451008,19014.837074220686,18224.650604948212,10336.375783026946,
15830.355874466763,19571.360058653627,19338.197648415087,19110.49124401265,18314.45358406472,10427.940920696135,
15907.379832427738,19671.256747185267,19437.349018228535,19208.234768929495,18405.551718155588,10519.48821270591,
15982.875222220038,19771.15093045305,19535.86952397777,19302.8010036903,18494.698431987756,10611.020849390026,
16057.306045259804,19871.043608799195,19633.87378594578,19394.69877477581,18582.440841542113,10702.544758274755,
16132.571732177052,19970.935293322444,19732.287894578236,19488.77734415467,18671.303324958713,10794.062933905407,
16208.988134686737,20070.82624420921,19831.20529453093,19585.48299877279,18761.669413154657,10885.576892564117,
16283.518346676428,20170.716624889297,19929.26018506425,19677.71705338626,18849.56245864191,10977.087582530297,
16359.946951051474,20270.606555158323,20028.1825096116,19774.47150336045,18939.95138370649,10965.622812670737,
16435.68540057946,20370.496129851723,20126.812459800156,19869.735211283398,19029.449934097527,10954.158042811177,
16510.471077031794,20470.385426356897,20224.995245064732,19962.671215849878,19117.692744758508,10942.693272951617,
16586.60805581187,20570.274508238013,20323.797425768877,20058.835530493907,19207.712369105106,10931.228503092058,
16675.930164996418,20670.168166365624,20417.91078577558,20157.522284035138,19306.970851507707,10919.763733232498,
16767.94903716255,20769.84777384282,20504.629160856,20253.88537435092,19406.923183865965,10908.298963372938,
16856.84666924392,20869.554170121788,20599.514671316017,20353.877288788684,19505.688858031193,10896.834193513378,
16942.056158090905,20969.419922424524,20698.445115829018,20453.836400437427,19602.668996328015,10885.369423653818,
17022.6884871203,21069.400610671153,20798.422426941856,20550.959873743817,19695.889437302474,10873.904653794258,
17103.73491281251,21169.399614416856,20898.419475717026,20650.040063199936,19790.02486527003,10966.721137215454,
17183.085173797677,21269.38464386517,20998.227855339,20745.856778166588,19882.072226232365,10955.256367355894,
17264.818913289928,21369.35982737121,21098.215823758073,20845.386237097493,19976.831019168774,10943.791597496334,
17359.214261812424,21469.330630725493,21172.147552622195,20938.428279567168,20076.623759074857,10932.326827636774,
17455.683090041413,21569.30862535954,21222.973480712746,21029.871718232283,20175.3682155955,10920.862057777214,
17551.42222109087,21669.267244091803,21284.092140681834,21110.89670953311,20274.19573796172,11014.250169830495,
17641.529399198193,21769.18525906476,21376.542274095165,21209.414854126346,20373.6964819625,11107.903490019922,
17725.879726427385,21869.052265206,21475.91996087156,21308.137517660165,20469.60275537675,11201.801239391649,
17808.79739606079,21968.87982526321,21575.75555357716,21406.540366210487,20564.591214130127,11295.85358977947,
17892.63949615333,22068.689215216156,21675.33384101873,21506.29319108718,20660.672029204452,11389.970401628641,
17975.801819107153,22168.498898599242,21775.11401364104,21605.352969552663,20756.035679797762,11484.086200923684,
18059.43700591845,22268.320697991512,21874.761493701437,21705.0226595881,20851.951037045834,11578.159388823502,
18141.612134465675,22368.16231664844,21974.714005733196,21802.92380063596,20946.34382480713,11672.159173432503,
18223.973148302903,22468.028640821525,22074.64419960637,21901.489910314056,21041.062211461347,11766.05979980849,
18307.506450006942,22567.92191938896,22174.323212123323,22001.45397209836,21137.177816767246,11859.839751961985,
18399.75309130717,22667.840113418293,22260.15071517221,22096.918388985137,21237.15943901424,11953.4920841472,
18493.60458131475,22767.78223569978,22337.835563839206,22190.473608270742,21337.06922916225,12046.999888419086,
18586.11190313337,22867.72230506597,22422.574816650987,22283.779924310344,21437.069097294356,12140.521231206947,
18672.210813143065,22967.646955355947,22520.879291260106,22383.08983999222,21534.110396175605,12234.137119796786,
18756.06180802456,23067.552486997047,22620.454446734093,22482.42475871969,21629.974200968405,12327.856624749318,
18838.35334048513,23167.44576230627,22720.393509305395,22580.926900025283,21724.629645959947,12421.636592453588,
18919.846188839838,23267.337565697577,22820.39084736048,22678.39458967561,21818.481049539685,12515.423558747925,
19002.07356925825,23367.23696546867,22920.33753890405,22777.23454963168,21913.220149038316,12609.173819786014,
19084.794717778906,23467.14990089187,23020.21141518842,22876.826504320117,22008.58128419904,12702.854692990251,
19167.02767809224,23567.079702387287,23120.157464364456,22976.119747838373,22103.51133054894,12796.44027000192,
19249.40001274615,23667.027513718658,23220.08615310475,23075.792513352495,22198.723009446636,12889.90914947705,
19329.6922546255,23766.99251846653,23320.033997600563,23172.78429583566,22291.692680039614,12983.24414310462,
19410.022853196413,23866.972302726233,23419.985744350477,23270.446040763065,22384.88522224163,13076.431963358928,
19490.913149789172,23966.963279195752,23519.977490582445,23369.507226885213,22478.918612678382,13169.462883932105,
19571.178810754172,24066.961113288984,23619.92254593274,23468.16946168322,22572.411123963167,13262.330365124168,
19649.20419448827,24166.961107949046,23719.40623660763,23563.078661494965,22663.35459079288,13355.030651364652,
19728.09224720276,24266.95852126432,23819.11739200442,23660.581810548163,22755.585376288567,13447.562355382926,
19807.091856264375,24366.94880552648,23918.853652826394,23758.881162101326,22848.153168470773,13539.926027948964,
19886.130508185066,24466.9277599592,24018.59845691291,23857.745496873446,22940.963292075907,13632.123647987613,
19963.911486763165,24566.892336134388,24118.00750504234,23955.045576787146,23032.413873379115,13724.165201300328,
20041.867689828232,24666.841554220962,24217.470507147395,24053.155916764776,23124.246525387058,13816.070848439818,
20119.447066723504,24766.776131772494,24316.814774183655,24151.008257489444,23215.745246747785,13907.864049907683,
20196.174968791456,24866.697930462593,24415.85503078991,24247.566648353775,23306.275701740233,13999.568371685857,
20273.24883602483,24966.609314823058,24515.024575432515,24345.07423201211,23397.32849843897,14091.205116138268,
20349.001717863703,25066.51267319897,24613.660920777158,24439.99150480134,23486.743900007285,14079.740346278708,
20424.935265725813,25166.410136752944,24712.376324755747,24535.490408301663,23576.439249447034,14068.275576419148,
20501.4627031726,25266.303458717495,24811.338203366788,24632.365404079985,23666.930727253854,14056.810806559588,
20576.627326429876,25366.193998453007,24909.704605865823,24726.22668364092,23755.66798544565,14045.346036700028,
20656.576644633256,25466.083974261852,25009.611220967643,24824.930844751256,23848.98140345533,14033.881266840468,
20735.349455266292,25565.92707194281,25109.29537246688,24920.164001726574,23940.50100863574,14022.416496980908,
20814.263740681214,25665.776289688434,25209.012523551268,25016.63048227155,24032.442610537757,14010.951727121348,
20892.697481342046,25765.662751139284,25308.61107084985,25113.949053165456,24124.32336365783,13999.486957261788,
20971.341529176334,25865.588987064108,25408.26378435239,25212.621458024714,24216.806244778687,13988.022187402228,
21048.409387548345,25965.538630697803,25507.431149442866,25308.692863296266,24307.42353257452,14079.931315274947,
21124.98858241948,26065.497792873382,25606.413502979227,25403.59543305817,24397.396280086123,14068.466545415387,
21203.06398618746,26165.45854848787,25705.911933402094,25501.565300822804,24489.25706038946,14057.001775555827,
21291.209631509046,26265.419178109234,25801.97732047538,25601.36540180505,24587.874580395182,14045.537005696267,
21381.124239276276,26365.37084513753,25894.866071117747,25701.255924071724,24687.0819638118,14034.072235836707,
21470.747738958118,26465.346301224385,25988.37913643392,25799.707680944557,24786.45548092612,14022.607465977148,
21554.801342506224,26565.343365627235,26087.87935445177,25898.659796984277,24882.278041141468,14115.12754707321,
21635.471557782897,26665.34080289493,26187.859220813178,25995.26221531635,24975.37674508463,14208.008896558742,
21717.187732590464,26765.324597963365,26287.848105378554,26094.706669474897,25070.079715740947,14301.147473161605,
21796.781868679653,26865.295574024603,26387.700377333545,26190.42249626531,25162.25813195682,14394.427928531039,
21877.681570098415,26965.260777465825,26487.692517177806,26288.554814903913,25255.952714471532,14487.761190272322,
21959.347389444847,27065.226824803496,26587.683823406314,26387.818325092463,25350.53787202649,14581.087037410141,
22039.451616858943,27165.198191886804,26687.610461474786,26484.676454172593,25443.35102824276,14674.363723351338,
22120.038061659423,27265.177306659698,26787.584480051395,26582.76473373294,25536.838547953208,14662.898953491778,
22199.21729161198,27365.16461116489,26887.358987556396,26678.468739206113,25628.74546673045,14651.434183632218,
22287.445097338856,27465.15835785657,26983.30623488713,26778.240201705205,25727.40678529031,14639.969413772658,
22376.58033187249,27565.0748044207,27077.76969351665,26877.964600072653,25826.41729781572,14628.504643913098,
22464.514684945938,27664.931605736954,27174.127591482706,26977.42115952483,25925.062982843265,14617.039874053538,
22548.889355084037,27764.845794123925,27273.49453198931,27077.40282447011,26021.656699919993,14605.575104193978,
22629.765693352372,27864.829682165204,27373.485676637596,27175.647555426098,26115.37452649654,14594.110334334418,
22709.08875722147,27964.82967636615,27473.288838319913,27272.26445126918,26207.621895339384,14686.810285150777,
22790.054724854224,28064.826881108715,27573.28348292101,27371.685976518052,26301.869895679134,14779.699256618138,
22869.78629468699,28164.823081945142,27673.15815260201,27469.27457818421,26394.663926508325,14872.61792109744,
22949.017665798612,28264.820409697873,27772.943252227506,27566.01795851918,26486.888223724283,14965.502902307095,
23029.11680087415,28364.81930574156,27872.869268394028,27664.56994217553,26580.236630763684,15058.32505783599,
23109.640743007123,28464.819242335034,27972.838455532812,27763.918497206418,26674.182072570606,15151.060709004809,
23187.54599897098,28564.81873788381,28072.28599879966,27858.885215360093,26765.060497158633,15243.6913221525,
23266.157828512518,28664.81553504446,28171.930639515635,27955.934620963446,26856.974702161635,15336.202954609445,
23345.04813852425,28764.806848280892,28271.642313051758,28053.98775417921,26949.386824450095,15428.58564245686,
23424.122005355523,28864.78961757072,28371.39471375493,28152.760841675554,27042.181523384104,15520.832792983241,
23502.23828357975,28964.760985540797,28470.90505169614,28250.425824360016,27133.966758967592,15612.943327920975,
23580.29137774139,29064.719381250554,28570.396930770694,28348.43190887256,27225.82559982326,15704.927385252202,
23657.805858422274,29164.66452557656,28669.719739624437,28445.873659369325,27317.146625166173,15796.800376833666,
23734.764532366105,29264.596933654837,28768.847091122516,28542.603040259506,27407.8813414848,15888.577957776708,
23810.975934662685,29364.51800980342,28867.680414154212,28638.056711712787,27497.752590404718,15980.277462447955,
23886.52094801175,29464.430356288358,28966.223529293606,28732.203255956076,27586.82465336777,16071.920291515507,
23961.802345468965,29564.33603632766,29064.645005261453,28825.904053233207,27675.60185986011,16163.52156477664,
24037.56402741103,29664.236649545717,29163.285244307892,28920.92023344023,27765.049616843826,16255.092144430175,
24114.06209446397,29764.13346797521,29262.23543092093,29017.652844276305,27855.4784058136,16346.640200697979,
24189.4298630325,29864.027496088092,29360.697174255965,29111.91459560208,27944.45831456881,16335.175430838419,
24264.947527416887,29963.919512579512,29459.227845391364,29206.59464399226,28033.650169111384,16323.710660978859,
24339.803499504396,30063.81010936938,29557.44524895767,29299.673254426176,28121.9771373392,16312.245891119299,
24415.36177026633,30163.699728231466,29655.994381555163,29394.515471351435,28211.239648731524,16300.781121259739,
24503.964444459034,30263.593314471847,29751.369802441113,29494.148528298694,28310.088556572813,16289.316351400179,
24595.076222629308,30363.365433887408,29841.15499691521,29593.174164699863,28409.784213449137,16277.851581540619,
24684.27802133136,30463.18264166227,29935.49562790024,29693.012314141248,28508.776116203175,16266.386811681059,
24770.226493585888,30563.11059673489,30033.918764864386,29792.8724339827,28606.42094915185,16254.922041821499,
24852.1168979574,30663.104479608395,30133.896909620362,29891.928689267053,28701.047742443516,16243.45727196194,
24933.008420947797,30763.10050154849,30233.88870771519,29990.637982228767,28794.940508968488,16336.380787470784,
25013.86394218575,30863.08094483545,30333.878916637907,30089.157415464917,28888.74133891135,16324.916017611224,
25095.937801110733,30963.05187972334,30433.841714751958,30188.90118421793,28983.830327770433,16313.451247751664,
25182.376663552004,31063.019922226806,30531.857384568462,30288.4308583717,29081.13148840911,16301.986477892104,
25270.786971101585,31162.99310258792,30627.53309330235,30388.430857666895,29179.67008655112,16290.521708032544,
25357.608882501,31262.960205789786,30725.18709078874,30488.15063789682,29277.24809037774,16279.056938172984,
25442.62118638493,31362.915718982946,30824.23300345593,30588.00457953051,29374.020005330345,16372.469306119285,
25526.377612266406,31462.85911512405,30923.84078871593,30687.952237388166,29470.23026525861,16465.968579499255,
25608.524806863254,31562.796208674936,31023.796268575552,30787.071271154557,29565.033746204695,16559.509111519747,
25689.647354097026,31662.734732356254,31123.794942084427,30884.857914893033,29658.754483063156,16653.040483940746,
25772.328322750454,31762.680726009192,31223.67597851934,30984.72434254641,29754.286291947603,16746.52203695618,
25853.405412268894,31862.637654687314,31323.673758175028,31082.91542654217,29848.108712367808,16839.923464787855,
25935.634582541523,31962.60680329653,31423.620244105925,31182.740488711574,29943.34924141988,16933.221192181132,
26016.49036767218,32062.587664241673,31523.610465178925,31281.333094936475,30037.17681773692,16921.75642232157,
26097.911998003234,32162.57823565876,31623.609271707825,31380.955385707657,30131.807499621314,16910.29165246201,
26185.005952623607,32262.575115987936,31720.981546692285,31480.400475175877,30230.120043488325,16898.826882602447,
26272.11573908026,32362.574651877923,31818.336762551,31580.400389549308,30328.10492185142,16887.362112742885,
26357.257784715835,32462.574176305985,31917.307599669362,31679.842522502084,30424.70983691927,16875.897342883323,
26439.217583537702,32562.572503151026,32017.280432202202,31777.46128678451,30518.88887166122,16864.43257302376,
26520.74655630665,32662.56853873144,32117.276800542284,31876.60519777856,30613.339601805033,16852.9678031642,
26599.791233709,32762.562720269383,32217.02291180232,31972.26920572811,30705.148590685672,16945.935882301423,
26679.270445974704,32862.55675390256,32316.855153669654,32069.14866551815,30797.57062437934,17038.90720533057,
26759.61375554293,32962.55225607558,32416.808161541096,32167.711893798547,30891.07382184837,17131.84421615492,
26838.17503879987,33062.54995172908,32516.439971982138,32263.03978850592,30982.47907300684,17224.716671568734,
26917.532407667622,33162.54946770047,32616.249704721697,32360.449258387067,31074.98058982044,17317.500470735187,
26996.929536431515,33262.54938110758,32716.066925421437,32458.338753400192,31167.65952058269,17410.176617376786,
27076.476255265527,33362.547407370665,32815.91107543488,32556.88691425503,31260.662973237493,17502.730797741086,
27155.556341687774,33462.54067035375,32915.66480705677,32655.12343616693,31353.25938210805,17595.152811133194,
27233.110247512388,33562.525981773244,33015.00068679072,32750.927491987,31444.126019580952,17687.43596369146,
27309.425493884188,33662.500191481624,33113.87691427138,32844.46236898004,31533.571881766493,17779.577653527507,
27386.175129452196,33762.46131790291,33212.925517501804,32939.711109007585,31623.75112501726,17871.58657937116,
27462.03734836388,33862.4088240713,33311.60992987684,33033.390757114284,31712.92274320411,17963.478359851935,
27537.293079194158,33962.343430676025,33410.01936287709,33126.02655874336,31801.41877612256,18055.271772122396,
27612.731480403876,34062.266659954155,33508.51373774086,33219.54852385832,31890.259395044082,18146.98569232002,
27687.616253866265,34162.18042008443,33606.745252544286,33311.96484484804,31978.444209021396,18238.637517268835,
27763.04241710889,34262.08668319596,33705.23399292746,33406.00776219004,32067.408051834438,18330.242370402066,
27837.625905587785,34361.987224212564,33803.31582304851,33498.06366225512,32155.295418261245,18421.81251789824,
27912.226602974497,34461.883536749745,33901.40632504544,33590.30025928639,32243.23839267191,18513.357600191855,
27986.771100343947,34561.7768181386,33999.46845277907,33682.48258643863,32331.128933366228,18604.884999711823,
28062.591713152986,34661.66799168859,34098.13465391675,33777.89232060605,32420.723151458576,18593.42022985226,
28139.436317523705,34761.557746963146,34197.21937902849,33875.456709081984,32511.643306124985,18581.9554599927,
28215.447106465614,34861.446584922676,34295.9680140603,33971.352570425624,32601.501363972387,18570.490690133138,
28290.14909791239,34961.334860404604,34394.1092620524,34064.10182430099,32689.639922595827,18559.025920273576,
28372.741197495878,35061.224998732476,34494.00534385603,34163.79002555293,32784.986211401876,18547.561150414014,
28455.914048362163,35161.03005690457,34593.78293397377,34262.99200448472,32880.41400721284,18536.096380554452,
28537.86872133263,35260.84735061696,34693.75617929098,34361.45976385361,32974.85828380804,18524.63161069489,
28616.854214634837,35360.73204998172,34793.489320168985,34457.215787404995,33066.65300727153,18513.16684083533,
28694.993471912167,35460.67996516025,34893.00629789745,34553.43157710971,33158.01943591829,18501.702070975767,
28772.928800849895,35560.657902345294,34992.46298897606,34649.91054472009,33249.32620788443,18593.887229172473,
28852.267930922062,35660.64565230353,35092.269240811205,34748.81109576371,33342.339651242524,18582.42245931291,
28931.717974535713,35760.63528224363,35192.09621265568,34847.807237877496,33435.46303264336,18570.95768945335,
29009.53225862489,35860.62364662594,35291.515685920785,34943.00190619586,33526.34006150764,18559.492919593788,
29089.15765730376,35960.60680645512,35391.37320260129,35041.72848040392,33619.46119650818,18548.028149734226,
29168.38929596497,36060.58510230729,35491.15835597963,35140.197217836256,33712.23732120317,18536.563379874664,
29245.476357532065,36160.55825865838,35590.332678211125,35235.03678761439,33802.535998228785,18628.69333939235,
29322.901995377364,36260.52579433339,35689.625639868515,35331.299368621425,33893.444976004175,18720.764102384306,
29398.870568347047,36360.48669079358,35788.35615512937,35424.604809290635,33982.596777323066,18812.770902870143,
29474.997428605326,36460.439958591516,35887.15407658482,35518.69958135106,34072.054058199625,18904.710251728888,
29553.083982831868,36560.385034152314,35986.65576762532,35617.12955519401,34164.087239838555,18996.582701986754,
29628.749036249435,36660.32187864964,36085.253014489586,35710.73260466185,34253.104248324475,19088.392484568252,
29705.499639095266,36760.250840490175,36184.30198850588,35807.1318110822,34343.60335627506,19180.14572154045,
29780.82175586462,36860.17252431472,36282.74249815787,35900.41160198865,34432.303367920875,19168.68095168089,
29856.287563846345,36960.08770869035,36381.24946187251,35994.27157843531,34521.24793923825,19157.216181821328,
29946.12997422682,37060.001432264195,36474.297301287144,36092.54169607821,34620.69970105928,19145.751411961766,
30038.351078484236,37159.73813232704,36560.22738623418,36189.59779710246,34720.65784936435,19134.286642102204,
30127.729660660145,37259.50213657505,36654.23168231005,36289.54460705727,34819.65151504828,19122.821872242643,
30211.774172376685,37359.4004731044,36753.73541234469,36388.07861793615,34915.325664875694,19111.35710238308,
30293.809144783176,37459.38955924785,36853.701814809705,36487.22403967736,35010.074840293615,19099.89233252352,
30375.436091199877,37559.38639476983,36953.694783855295,36586.78845934745,35104.79110848615,19192.79277262159,
30457.238647869795,37659.36614153612,37053.67880456787,36686.43113324254,35199.656419919615,19285.981027921065,
30537.977257263075,37759.33523240471,37153.66290699624,36784.411755479385,35293.202576256605,19379.279292142546,
30618.050997772545,37859.30183751559,37253.58578479533,36881.01366851693,35385.924874598895,19472.600185038526,
30699.750786567376,37959.27133007424,37353.57549066273,36980.38896473929,35480.58329594754,19565.894703628383,
30780.52468763985,38059.24717688924,37453.561588005134,37078.66646839607,35574.249546517254,19659.126113140766,
30861.845349570143,38159.230849821884,37553.56147824774,37177.975678135976,35668.652311423066,19752.26627744179,
30941.9274093888,38259.22201739473,37653.485390974514,37275.7920983012,35761.73833009911,19845.29381111529,
31021.555003818587,38359.218902313754,37753.34327272098,37373.26237973683,35854.430057010395,19938.192757804132,
31100.362548078105,38459.2186854123,37853.03567656077,37469.664818413454,35946.28459167204,20030.951636343703,
31180.28836940356,38559.21789599803,37952.93905654427,37568.59161982898,36039.6730649746,20123.562684630397,
31259.73820701214,38659.21275180689,38052.76599090252,37667.286929622016,36132.67240713215,20216.021196337882,
31337.096950610437,38759.199416818476,38152.03612303641,37762.55200770429,36223.264447525704,20308.32475054928,
31414.703518385206,38859.1741195019,38251.389293872555,37859.07061198456,36314.366224549594,20400.472008607467,
31493.103289095976,38959.13447013939,38350.978769017995,37957.58158669409,36406.63077239111,20492.473787933686,
31569.79294495195,39059.08036611931,38450.00426531348,38053.294978322316,36496.89551908126,20584.352717354246,
31647.375854256683,39159.012915449595,38549.34969196691,38151.20496892975,36588.416227036774,20676.131308198623,
31724.555180818996,39258.93393856116,38648.55710267806,38248.67533580529,36679.52638962923,20767.83046007884,
31801.420233597277,39358.84554559839,38747.649530445495,38345.779477224896,36770.31293155039,20859.468610070144,
31877.824816422213,39458.749809474655,38846.56215144,38442.13157879321,36860.56675422112,20848.003840210582,
31954.785300283253,39558.648570251986,38945.6901725365,38539.71581354425,36951.56993763099,20836.53907035102,
32031.065155321427,39658.54335154996,39044.55184987361,38636.0443544074,37041.733159863055,20825.07430049146,
32105.578872428407,39758.43535186514,39142.59837137257,38728.18464758972,37129.59200508872,20813.609530631897,
32187.204477451596,39858.32724479167,39242.59139459756,38827.58901741686,37224.22142533485,20802.144760772335,
32269.18782789383,39958.21219759534,39342.562288517816,38926.176937694385,37318.724615903506,20790.679990912773,
32349.648858537057,40058.12104172646,39442.52621230576,39022.95801324693,37411.74108076884,20779.21522105321,
32427.911561788,40158.062684325305,39542.07818367526,39117.73197342445,37502.807525331125,20767.75045119365,
32505.279125392244,40258.02965060602,39641.3513432856,39212.472420417165,37593.26892764177,20756.285681334088,
32584.002656048553,40358.00969380299,39741.02361958636,39310.60650435716,37685.60270837586,20848.496963427333,
32663.20942680742,40457.9945060303,39840.80375068277,39409.475872580646,37778.52035630641,20837.03219356777,
32740.339105936688,40557.97954329292,39939.9934263769,39504.32074125039,37868.84904394726,20825.56742370821,
32818.238213757126,40657.96202691057,40039.43909139051,39600.34811514224,37960.005299226,20814.102653848648,
32895.88929774285,40757.76346615991,40138.80672781648,39696.69988725637,38051.0886717534,20802.637883989086,
32972.283646293086,40857.46092609711,40237.71520403412,39791.16850494376,38140.82353945151,20791.173114129524,
33050.094316810086,40957.19163550648,40337.13355003008,39889.35809037514,38232.590315037225,20881.952604321767,
33127.27757521599,41057.01521339392,40436.3423582987,39986.89384647208,38323.724303178,20973.12184963501,
33202.363864586056,41156.89498608361,40534.67141386435,40080.01969114599,38412.222881538415,21064.573072831816,
33277.74765092985,41256.79380690105,40633.140580866464,40174.05195158273,38501.15483815505,21156.13296608268,
33353.02365154855,41356.69430715564,40731.559527511796,40267.89762062385,38589.9649915163,21247.702869663404,
33429.85504116684,41456.59304122598,40830.63926061153,40365.24174878609,38680.80488037013,21339.262247918112,
33505.12500255292,41556.49048821825,40929.05537502488,40459.163445629594,38769.630205294845,21430.814008551064,
33580.342749250274,41656.38689010925,41027.44692134596,40552.98618317817,38858.394341694955,21419.349238691502,
33655.44672857018,41756.2823718858,41125.784438968505,40646.55101478709,38947.0146840905,21407.88446883194,
33743.27134654195,41856.18095193919,41222.28800876656,40745.993952614685,39045.62131998767,21396.41969897238,
33832.53967430456,41955.88682487611,41316.50381100321,40845.832300799986,39144.63629559287,21384.954929112817,
33920.19973970669,42055.61187931076,41413.2180900502,40945.82371976088,39242.90745387953,21373.490159253255,
34002.86026211755,42155.4764729459,41513.102684230296,41043.832083208305,39337.620908300465,21362.025389393693,
34084.24829327901,42255.4494814104,41613.10198070419,41143.00068048269,39431.998896945915,21350.56061953413,
34163.64179523609,42355.44934338879,41712.91852408161,41239.92696125871,39524.37965597318,21443.228324200758,
34244.02842743773,42455.44456286937,41812.87570986235,41338.460343580475,39617.89853303854,21536.172341444555,
34324.394976210046,42555.43459181777,41912.83098203087,41436.69748447673,39711.30030908151,21629.219534132568,
34405.01156458453,42655.423448675574,42012.80718799873,41535.269825190815,39804.97452438866,21722.285789482965,
34486.242409270206,42755.41398443436,42112.80707051463,41634.70899637411,39899.38914062238,21815.324382705203,
34566.39499557742,42855.40781340203,42212.73949025951,41732.83574486751,39992.62080990256,21908.300127399812,
34644.96258065468,42955.40510538396,42312.372911275954,41828.11196747841,40084.0168192006,22001.186278405978,
34725.24533765444,43055.40471066352,42412.319768479305,41927.062982012656,40177.6346818324,22093.962774340896,
34803.77607515071,43155.40444670344,42511.943728112004,42023.345166405416,40269.27569009372,22186.614916070932,
34882.007695809734,43255.401429449405,42611.48699627696,42119.58101859266,40360.70827339802,22279.132376922593,
34959.17818979338,43355.39238882619,42710.69126374711,42214.04528689724,40450.96684313404,22371.508407814377,
35035.79241745709,43455.373934421514,42809.687382157186,42307.873520122645,40540.68925010537,22463.739143782816,
35113.79437748826,43555.34311304176,42909.16410715764,42405.41432637789,40632.360105794854,22555.826668415346,
35191.10549834625,43655.29826139097,43008.41780182061,42502.128498313796,40723.32389230259,22647.782131951906,
35268.2899883001,43755.239314159444,43107.62704762691,42599.05425153923,40814.26724326396,22739.623445675083,
35345.27472203958,43855.168007689055,43206.76401979187,42695.94361665252,40905.06729951921,22831.374810478068,
35421.203443897844,43955.0863537415,43305.47733610867,42790.82624556512,40994.593392867246,22923.056294407506,
35495.9683192719,44054.996350081776,43403.64982959948,42883.05296242769,41082.64872625135,23014.684313852656,
35571.90042817932,44154.89984231043,43502.36461124618,42978.382930283675,41172.29698068127,23106.272243875268,
35647.05071888372,44254.79842817897,43600.724204531565,43071.97142527811,41260.95531068858,23094.807474015706,
35722.77381263268,44354.69341984746,43699.347337526895,43167.05383220994,41350.39448755655,23083.342704156144,
35797.633842052535,44454.58585102185,43797.56673154075,43260.08803911738,41438.713284184654,23071.877934296583,
35873.94571655525,44554.47650933678,43896.441576003876,43356.58471442812,41528.947198860944,23060.41316443702,
35961.430591307515,44654.370627177006,43993.37030247395,43456.38787331053,41626.878982865186,23048.94839457746,
36054.15351114883,44754.16300491823,44077.14971507044,43548.137868857615,41726.87303898846,23037.483624717897,
36143.20756102801,44854.00427456372,44171.76022759839,43648.11945885975,41825.71490185384,23026.018854858336,
36227.332882887655,44953.94595743783,44271.23224296291,43746.89969196081,41921.516203302046,23014.554084998774,
36308.33430110178,45053.942538801944,44371.22803336917,43844.36635981465,42015.06569474643,23003.089315139212,
36389.58401197965,45153.93660027946,44471.227992803266,43943.4607222659,42109.328894147126,23096.060030648052,
36471.59865149464,45253.91374589772,44571.19620419165,44043.232029912724,42204.40419569749,23084.59526078849,
36551.63996800649,45353.88096779955,44671.114985418804,44139.7900305045,42297.0938200442,23073.13049092893,
36633.205001694616,45453.8461334469,44771.11023377353,44238.498610805254,42391.391796150245,23061.665721069367,
36714.099786164574,45553.81934699599,44871.102169011094,44336.77105945313,42485.130289373796,23050.200951209805,
36795.706625455765,45653.74020778946,44971.09592787325,44436.47784547068,42579.92390976339,23038.736181350243,
36876.48431967739,45753.67481265026,45071.082231855755,44535.8250106472,42674.02136020163,23130.529580966,
36954.980125507114,45853.648336128295,45170.69712400356,44631.955644884765,42765.59771947378,23222.66360352931,
37033.84017834042,45953.637115883226,45270.401817698286,44729.48662074433,42857.81930618519,23315.00115432447,
37111.10896498795,46053.62621443971,45369.640771979546,44824.21579233572,42948.21156398503,23407.344091128514,
37189.343144817576,46153.60800350504,45469.184759472526,44921.63396107736,43039.99414741714,23499.578050304026,
37266.869257320104,46253.57842959822,45568.51143588247,45018.18327258888,43131.05171728482,23591.678587050228,
37344.76445216749,46353.53628489606,45667.955904061906,45115.92957149567,43222.72031651983,23683.657814967155,
37420.6017080038,46453.48155856194,45766.629401744474,45209.637367231204,43311.881849539874,23672.193045107593,
37497.69374170628,46553.41518802277,45865.80552139484,45306.60018270503,43402.7752933881,23660.72827524803,
37587.10281048592,46653.342382495495,45959.7502963577,45406.00786850611,43501.95479177659,23649.26350538847,
37678.64195137007,46753.23296167322,46048.179702100606,45505.4694381731,43601.694195089585,23637.798735528908,
37768.24254337169,46853.16733367001,46141.73999777465,45605.43689260943,43700.747220467005,23626.333965669346,
37853.03541709224,46953.15313216925,46240.905199101195,45704.564658004296,43797.03840309964,23614.869195809784,
37936.18952207172,47053.15242514313,46340.68737612488,45804.41715299059,43892.81996720468,23603.404425950223,
38018.18628005607,47153.13457920247,46440.65713554557,45904.00248505163,43987.7631330528,23696.563841224128,
38100.06191216016,47253.09698473891,46540.636334456955,46003.40769196977,44082.539221743275,23789.921028180946,
38182.53815584215,47353.049069029075,46640.55041391147,46103.20496056139,44177.89704012653,23883.35915223996,
38263.48495108247,47452.999875504305,46740.544382322725,46200.99961763599,44271.512400486725,23976.806622010557,
38343.692254922884,47552.95569505048,46840.48307175121,46297.48708941903,44364.287981207206,24070.216638079895,
38423.804088768346,47652.92043510174,46940.410634124215,46394.09663071073,44457.03653408732,24163.55393084756,
38504.88662959761,47752.895691010235,47040.4085329437,46492.833536462225,44551.055372163806,24256.791551343005,
