LowCarbIm_GPFm1,LowCarbIm+LAInsulinIm2+FAInsulinIm2_GPFm1,NormalCarbIm_GPFm1,LowCarbIm+LAInsulinIm1+FAInsulinIm2_GPFm1,LowCarbIm+LAInsulinIm2+FAInsulinIm1_GPFm1,LowCarbIm+LAInsulinIm1+FAInsulinIm1_GPFm1,VeryLowCarbIm+LAInsulinIm2+FAInsulinIm1_GPFm1,VeryLowCarbIm+LAInsulinIm1+FAInsulinIm2_GPFm1,NormalCarbIm+LAInsulinIm1+FAInsulinIm1_GPFm1,HighCarbIm+LAInsulinIm1+FAInsulinIm2_GPFm1,FAInsulinIm1_GPFm1,VeryLowCarbIm+LAInsulinIm2+FAInsulinIm2_GPFm1,NormalCarbIm+LAInsulinIm2+FAInsulinIm1_GPFm1,HighCarbIm+LAInsulinIm2+FAInsulinIm2_GPFm1,HighCarbIm_GPFm1,LAInsulinIm1_GPFm1,LAInsulinIm2_GPFm1,NormalCarbIm+LAInsulinIm2+FAInsulinIm2_GPFm1,FAInsulinIm2_GPFm1,VeryLowCarbIm+LAInsulinIm1+FAInsulinIm1_GPFm1,VeryLowCarbIm_GPFm1,NormalCarbIm+LAInsulinIm1+FAInsulinIm2_GPFm1,HighCarbIm+LAInsulinIm1+FAInsulinIm1_GPFm1,HighCarbIm+LAInsulinIm2+FAInsulinIm1_GPFm1,
0.0,0.0,0.0,0.0,0.0,0.0,0.0,0.0,0.0,0.0,0.0,0.0,0.0,0.0,0.0,0.0,0.0,0.0,0.0,0.0,0.0,0.0,0.0,0.0,
4859.553129559868,4859.553129559868,4859.553129559868,4859.553129559868,4859.553129559868,4859.553129559868,4859.553129559868,4859.553129559868,4859.553129559868,4859.553129559868,4859.553129559868,4859.553129559868,4859.553129559868,4859.553129559868,4859.553129559868,4859.553129559868,4859.553129559868,4859.553129559868,4859.553129559868,4859.553129559868,4859.553129559868,4859.553129559868,4859.553129559868,4859.553129559868,
5444.95890365686,5551.06143371186,4872.0224107568265,5546.121629422475,5556.2672489235465,5552.168935843285,5556.2672489235465,5546.121629422475,4883.619054378305,4934.780225741174,5436.746721898662,5551.06143371186,4923.762151265057,26977.53572399627,4882.222892945762,4864.832839030467,6378.904363211192,4921.388189253116,4859.794054102589,5552.168935843285,5444.95890365686,4879.833481855593,4933.061750872261,4878.937040804974,
7167.301261843224,7003.209987147149,5116.088820840985,6998.270182857764,6728.814610395528,6724.716297315266,6728.814610395528,6998.270182857764,5107.008553330488,5175.084591317283,6189.471968363729,7003.209987147149,5147.15165021724,27217.84008957238,5057.0377575881685,4970.791890018208,6484.863414198932,5154.107085875282,5538.015854779791,6724.716297315266,7167.301261843224,5112.552378477759,5161.630889594812,5107.506179527525,
7178.484377003487,7063.98918661347,5120.472307236966,7138.781414884518,6785.928770184573,6860.350597335473,6785.928770184573,7138.781414884518,5107.099226718159,5549.820945169394,6244.208109358827,7063.98918661347,5148.7611417312555,27616.367209206066,5387.16027583213,4980.210275372363,6551.90299254117,5155.641102556821,5580.450455675131,6860.350597335473,7178.484377003487,5112.6313920957,5542.11875465464,5499.602794884081,
8762.999531512974,7163.399858193161,7061.776080550138,8300.747679114193,6885.339441764264,8022.316861565148,6885.339441764264,8300.747679114193,6894.533313717574,10155.622836846966,10458.604666997568,7163.399858193161,6448.397561956758,31877.563217958756,9970.787392731076,9466.88666194318,7768.329972919156,6455.277522782324,9794.847013313873,8022.316861565148,8762.999531512974,6900.065479095115,10147.920646332212,9760.79880363677,
8847.085838315308,7321.523037524092,7076.257727133457,9283.718091961606,7043.462621095195,9005.287274412562,7043.462621095195,9283.718091961606,6995.596281138504,10388.467154590035,10458.701932335176,7321.523037524092,6482.287700387957,32101.471298049997,10174.276226133352,10244.1867966331,7861.321818941169,6489.1676612135225,9794.944278651481,9005.287274412562,8847.085838315308,7001.128446516045,10380.76496407528,9984.70688372801,
9049.824239313446,7522.891518927002,7077.468319106346,9485.086573364515,7171.097776169891,9132.922429487258,7171.097776169891,9485.086573364515,6996.9486673732345,10569.127529100871,10599.890939694675,7522.891518927002,6483.640086622687,32282.131672560834,10371.569432160073,10386.772673543672,8003.907695851741,6489.622620027519,9992.558360160585,9132.922429487258,9049.824239313446,7001.583405330041,10579.261777439997,10183.203697092726,
9132.913796819192,7561.46908633802,7299.432096513174,9492.345492372147,7209.67534358091,9140.18134849489,7209.67534358091,9492.345492372147,7151.13440972989,10730.176104899032,10679.195112400164,7561.46908633802,6673.911421292238,32442.80064273098,10556.060473980282,10448.351139449942,8130.254122762672,6679.89395469707,10071.862532866075,9140.18134849489,9132.913796819192,7155.769147686697,10740.310353238157,10343.87266726287,
10296.319887796442,7642.00189204251,9582.598406660949,10795.805988188167,7290.2081492853995,10443.64184431091,7290.2081492853995,10795.805988188167,9396.611201124339,15690.20011289788,15341.4133799544,7642.00189204251,8307.035065506829,37463.00329071426,15480.955082076889,15215.81830845241,8217.380113841526,8313.01759891166,14734.08080042031,10443.64184431091,10296.319887796442,9401.245939081145,15700.334361237008,15364.075315246151,
10483.343904343574,7832.152600061903,9590.779766797641,11531.923738316245,7480.358857304793,11179.759594438989,7480.358857304793,11531.923738316245,9448.561091495892,15969.148568447388,15434.864334260386,7832.152600061903,8318.454020169938,37802.91374780684,15810.665906546677,15765.912457759152,8292.751269781274,8324.43655357477,14827.531754726297,11179.759594438989,10483.343904343574,9453.1958294527,15979.282816786515,15703.98577233873,
10651.938212902041,8001.213931651392,9595.598831168383,11700.985069905735,7605.8144589662925,11305.21519610049,7605.8144589662925,11700.985069905735,9455.381063372513,16178.468912195714,15492.400033357939,8001.213931651392,8325.27399204656,38012.23409155516,16049.751899842471,15818.642640178474,8345.481452200596,8329.321838416383,15020.054950385784,11305.21519610049,10651.938212902041,9458.081114294313,16200.518282369616,15925.22123792183,
10654.999254261093,8010.92893760401,9681.055733770994,11763.07834555535,7615.52946491891,11367.308471750104,7615.52946491891,11763.07834555535,9496.493587818404,16460.529806573875,15586.494746258062,8010.92893760401,8392.206060098308,38313.11989374424,16353.957874307249,15819.651424604803,8439.740742058135,8396.253906468131,15114.149663285907,11367.308471750104,10654.999254261093,9499.193638740204,16482.57917674778,16226.107040110908,
12516.427195756236,9044.236869166,12561.417718406745,13576.511303662879,8648.8373964809,13180.741429857633,8648.8373964809,13576.511303662879,12397.117875194235,21514.158853923,15934.376306424452,9044.236869166,10796.693378762102,43194.05545954632,21250.08238436208,20584.36054060101,8835.568293054019,10800.741225131926,15462.031223452297,13180.741429857633,12516.427195756236,12399.817926116033,21536.208224096903,21107.042605912986,
12704.072817622868,9216.43540473265,12576.626176071772,14515.953612690068,8821.03593204755,14120.183738884822,8821.03593204755,14515.953612690068,12478.666757317429,21808.831843421154,15999.390130568006,9216.43540473265,10817.631989097687,43583.82476275818,21637.80282976251,21259.597212732875,8893.545916652718,10821.67983546751,15527.045047595851,14120.183738884822,12704.072817622868,12481.366808239227,21830.881213595057,21496.811909124845,
13038.56299248924,9469.329719584619,12577.562547004001,14768.847927542036,8968.83884423061,14267.98665106788,8968.83884423061,14768.847927542036,12479.002189939725,21980.33101268443,16040.678207664056,9469.329719584619,10817.967421719983,43755.323932021456,21818.00341320266,21300.858022520475,8934.806726440318,10823.051251883933,15720.01172333675,14267.98665106788,13038.56299248924,12482.73822465565,22029.897782893713,21695.8284784235,
13039.121969082553,9474.202231441122,12674.085772773666,14814.42853318623,8973.711356087113,14313.567256712075,8973.711356087113,14814.42853318623,12529.111326692717,22259.503542937022,16137.271138349111,9474.202231441122,10895.162476733809,44052.454156897176,22119.21397848298,21302.15774983844,9031.377063569475,10900.24630689776,15816.604654021805,14313.567256712075,13039.121969082553,12532.847361408642,22309.070313146305,21992.958703299217,
14036.855083049402,9482.688768737295,14878.079670756972,16154.537333986542,8982.197893383285,15653.676057512386,8982.197893383285,16154.537333986542,14698.86760809714,27131.290885860068,16517.733292722965,9482.688768737295,12386.856842164763,49110.16441087688,26973.075076505025,26067.031227358995,9429.802116292649,12391.940672328714,16197.066808395659,15653.676057512386,14036.855083049402,14702.603642813065,27180.85765606935,27050.668957278926,
14184.038710697612,9643.743188558203,14879.794818888682,16707.8002126049,9143.252313204193,16206.938936130744,9143.252313204193,16707.8002126049,14727.156586981466,27422.898510688294,16598.648769104788,9643.743188558203,12390.057166580913,49457.87935827879,27309.715411825386,26747.72346810774,9506.526204468093,12395.140996744864,16277.982284777483,16206.938936130744,14184.038710697612,14730.89262169739,27472.465280897577,27398.38390468083,
14550.438161606293,9894.555387779235,14882.319458496686,16958.612411825932,9272.302972635107,16335.989595561658,9272.302972635107,16958.612411825932,14728.595831333447,27586.689217967345,16639.80577778371,9894.555387779235,12391.496410932894,49621.670065557846,27478.155216736057,26788.86300315719,9547.665739517543,12398.514766934384,16469.557508606107,16335.989595561658,14550.438161606293,14734.266391886911,27668.898033615154,27594.81665739841,
14605.290339809386,9931.772179984138,15073.510555114735,16973.667458933964,9309.51976484001,16351.04464266969,9309.51976484001,16973.667458933964,14875.614543575464,27853.46579574506,16736.490568520836,9931.772179984138,12565.834877828902,49895.435134487234,27765.886919222045,26790.225285119275,9644.341453503976,12572.853233830392,16566.242299343234,16351.04464266969,14605.290339809386,14881.285104128929,27935.67461139287,27868.5817263278,
15878.831379642315,10188.331005112295,17549.36501048214,18282.47650513552,9566.078589968167,17659.853688871248,9566.078589968167,18282.47650513552,17336.351099702904,32936.682249753576,17124.45325935706,10188.331005112295,14422.509981725514,54923.079431633465,32772.46203551473,31555.103778237317,10043.374962321583,14429.528337727003,16954.204990179456,17659.853688871248,15878.831379642315,17342.021660256367,33018.89106540139,32896.22602347403,
16037.204795467971,10357.457913466224,17552.06159150892,18892.700410495574,9735.205498322095,18270.0775942313,9735.205498322095,18892.700410495574,17370.5906655904,33231.368049255776,17211.239351987373,10357.457913466224,14427.229692225306,55278.78748106536,33118.727404909405,32232.169408034246,10127.315419011426,14434.248048226795,17040.99108280977,18270.0775942313,16037.204795467971,17376.261226143863,33313.57686490359,33251.934072905926,
16321.996545766644,10598.472600301971,17552.06159440058,19133.715097331322,9892.064486201485,18426.93658211069,9892.064486201485,19133.715097331322,17370.74956842916,33413.02543369663,17252.350092746612,10598.472600301971,14427.388595064067,55460.444865506215,33314.300747195884,32273.26695750346,10168.412968480638,14434.269676472179,17232.217012011522,18426.93658211069,16321.996545766644,17376.282854389246,33515.887473434006,33454.24468143634,
16336.318365464009,10603.423858262724,17700.29791898491,19134.588955026822,9897.015744162238,18427.81043980619,9897.015744162238,19134.588955026822,17471.12147846612,33681.53668856845,17349.068433802917,10603.423858262724,14556.402496190081,55739.193514812076,33602.179641767456,32274.57069475203,10265.126496281382,14563.283577598193,17328.935353067827,18427.81043980619,16336.318365464009,17476.654764426206,33784.39872830582,33732.9933307422,
18072.958591360202,11461.221087664473,20508.072805421594,20823.329697862657,10754.812973563987,20116.551182642026,10754.812973563987,20823.329697862657,20291.662882898294,38771.350706205485,17740.43701615277,11461.221087664473,16858.910036050645,60677.88860298654,38553.433404008014,37039.39131626015,10664.433168674634,16865.791117458757,17720.30393541768,20116.551182642026,18072.958591360202,20297.19616885838,38874.21274594286,38671.68841891667,
18193.69072798069,11600.0610412405,20508.300854353918,21272.33941635766,10893.652927140014,20565.56090113703,10893.652927140014,21272.33941635766,20309.3949387623,39062.002039995445,17830.32266250263,11600.0610412405,16859.7435970177,61013.90925447609,38876.20426392238,37710.45315990167,10752.199750503762,16866.62467842581,17810.18958176754,20565.56090113703,18193.69072798069,20314.928224722385,39164.86407973282,39007.70907040622,
18266.31294305733,11681.704855472522,20528.09832600336,21353.98323058968,10954.866185066565,20626.77415906358,10954.866185066565,21353.98323058968,20333.60717139046,39291.14443398246,17871.409459387687,11681.704855472522,16883.95582964586,61243.05164846311,39144.895539030425,37751.52935751005,10793.275948112147,16887.820520325542,18001.467916873677,20626.77415906358,18266.31294305733,20336.124066622117,39401.37122526859,39244.21621594199,
18268.199690738085,11689.442584405002,20620.931385934775,21410.822866416434,10962.603913999044,20683.613794890334,10962.603913999044,21410.822866416434,20379.043370156414,39570.45529028605,17968.145397828164,11689.442584405002,16956.712490832502,61542.37760014775,39447.30147537376,37752.73568457868,10890.008954928559,16960.577181512184,18098.203855314154,20683.613794890334,18268.199690738085,20381.56026538807,39680.68208157218,39543.542167626634,
19445.539520876107,11833.950648702776,23010.424289619234,22682.59827682092,11107.111978296818,21955.38920529482,11107.111978296818,22682.59827682092,22745.790353891443,44613.537530954665,18361.46375824837,11833.950648702776,18695.218911199205,66592.86943257926,44433.67280653616,42517.47166248036,11289.470633012028,18699.08360187889,18491.52221573436,21955.38920529482,19445.539520876107,22748.3072491231,44723.76432224079,44594.03400005815,
19629.739393232354,12002.221905522241,23025.307212123145,23652.709639534718,11275.383235116284,22925.500568008618,11275.383235116284,23652.709639534718,22830.31526101538,44911.660136439605,18453.26598064166,12002.221905522241,18716.447709005402,66985.52134182576,44825.01271647103,43182.025082751104,11379.598711897987,18720.312399685088,18583.32443812765,22925.500568008618,19629.739393232354,22832.832156247037,45021.88692772573,44986.68590930466,
19651.7020534588,12028.576702753735,23063.755306967603,23679.06443676621,11293.652000815617,22943.76933370795,11293.652000815617,23679.06443676621,22875.516964007027,45161.07563636225,18494.338154269975,12028.576702753735,18761.64941199705,67234.93684174841,45122.874872664725,43223.088419355794,11420.662048502676,18762.368831627013,18774.826402425868,22943.76933370795,19651.7020534588,22874.888588188962,45277.189013081086,45241.98799466001,
19685.03230683684,12047.134578392515,23236.478468551744,23681.849184378963,11312.209876454397,22946.554081320704,11312.209876454397,23681.849184378963,23001.20961031329,45426.115367854414,18591.08493902676,12047.134578392515,18915.735258836845,67508.33112548136,45407.368079501175,43224.19002097139,11517.406887759054,18916.45467846681,18871.573187182654,22946.554081320704,19685.03230683684,23000.581234495225,45542.22874457325,45515.38227839296,
20848.31290963055,12176.484272601076,25612.811047289822,24951.115534749595,11441.559570662957,24215.820431691336,11441.559570662957,24951.115534749595,25353.399113135398,50460.641518921686,18985.6628687723,12176.484272601076,20636.070854804653,72562.70934333962,50388.39731119431,47988.830465862775,11916.968200137431,20636.790274434617,19266.15111692819,24215.820431691336,20848.31290963055,25352.770737317333,50576.75489564052,50569.76049625123,
20952.409642152037,12299.668972511672,25612.81149019935,25340.04394208813,11564.744270573554,24604.74883902987,11564.744270573554,25340.04394208813,25365.93018858875,50750.19701991097,19078.763525861978,12299.668972511672,20636.219456640916,72891.85081725997,50703.02646031354,48647.028405295045,12008.691784765797,20636.93887627088,19359.25177401787,24604.74883902987,20952.409642152037,25365.301812770686,50866.31039662981,50898.90197017158,
21319.94342661933,12550.268820543939,25615.26253767701,25590.643790120397,11692.530823530093,24732.53539198641,11692.530823530093,25590.643790120397,25367.342126661173,50913.332404701396,19119.825879273038,12550.268820543939,20637.63139471334,73054.9862020504,50870.43201733793,48688.08319985392,12049.746579324674,20640.292809075236,19551.050902617604,24732.53539198641,21319.94342661933,25368.65574557504,51062.12777033748,51094.71934387925,
21319.96411897655,12553.015405546132,25720.60830496475,25627.581575554428,11695.277408532285,24769.47317742044,11695.277408532285,25627.581575554428,25424.042019635726,51189.284229167446,19216.580002369097,12553.015405546132,20722.50138666286,73348.74718164705,51168.40489415666,48689.08477249755,12146.499332557774,20725.16280102476,19647.805025713664,24769.47317742044,21319.96411897655,25425.355638549594,51338.07959480353,51388.48032347592,
22898.23568529544,13197.93419875519,28427.33187355891,27166.447894737932,12340.196201741344,26308.339496603945,12340.196201741344,27166.447894737932,28133.58340121342,56298.66917658395,19612.0354782092,13197.93419875519,22888.6231372845,78328.40059713273,56158.47962477469,53453.62659454935,12546.129911017582,22891.284551646397,20043.260501553767,26308.339496603945,22898.23568529544,28134.897020127286,56447.464542220034,56368.133738961595,
22937.24867230459,13249.360950414684,28431.73866220302,27333.978799041484,12391.622953400838,26475.870400907497,12391.622953400838,27333.978799041484,28134.01999663545,56573.78633037471,19706.070741644682,13249.360950414684,22892.158612598116,78625.00467354232,56434.46435931997,54105.85800296392,12638.999069043488,22894.820026960013,20137.29576498925,26475.870400907497,22937.24867230459,28135.333615549316,56722.58169601079,56664.73781537119,
23320.148919463198,13494.782054026116,28435.413504796943,27579.399902652916,12504.999882547372,26589.24733005403,12504.999882547372,27579.399902652916,28136.406383386293,56733.57050259732,19747.126074298412,13494.782054026116,22894.54499934896,78784.78884576494,56596.492205906165,54146.90674508206,12680.047811161625,22899.706773857666,20329.4198067627,26589.24733005403,23320.148919463198,28140.22036244697,56917.73086450295,56859.88698386335,
